{
	"version": [  0,   1], 
	"id": "", 
	"meshes": [
		{
			"attributes": ["POSITION", "NORMAL", "TANGENT", "BINORMAL", "TEXCOORD0"], 
			"vertices": [
				 3.325175,  0.000000,  2.586247,  0.000000, -1.000000,  0.000000,  0.996164,  0.000000,  0.087502, -0.087502,  0.000000,  0.996164,  0.999900,  0.111189, 
				 2.660140,  0.000000,  3.325175,  0.000000, -1.000000,  0.000000,  0.995752,  0.000000,  0.092081, -0.092081,  0.000000,  0.995752,  0.899920,  0.000100, 
				 2.660140,  0.000000,  2.586247,  0.000000, -1.000000,  0.000000,  0.995974,  0.000000,  0.089638, -0.089638,  0.000000,  0.995974,  0.899036,  0.102654, 
				 2.660140, -0.000000, -3.325175,  0.000000, -1.000000,  0.000000,  0.998812,  0.000000,  0.048734, -0.048734,  0.000000,  0.998812,  0.899920,  0.999900, 
				 3.325175, -0.000000, -2.586247,  0.000000, -1.000000,  0.000000,  0.998812,  0.000000,  0.048734, -0.048734,  0.000000,  0.998812,  0.999900,  0.888811, 
				 2.660140, -0.000000, -2.586247,  0.000000, -1.000000,  0.000000,  0.998812,  0.000000,  0.048734, -0.048734,  0.000000,  0.998812,  0.899863,  0.883709, 
				 3.325175, -0.000000, -2.586247,  0.000000, -1.000000,  0.000000,  0.998825,  0.000000,  0.048453, -0.048453,  0.000000,  0.998825,  0.999900,  0.888811, 
				 2.660140, -0.000000, -1.847319,  0.000000, -1.000000,  0.000000,  0.998825,  0.000000,  0.048453, -0.048453,  0.000000,  0.998825,  0.899581,  0.766842, 
				 2.660140, -0.000000, -2.586247,  0.000000, -1.000000,  0.000000,  0.998825,  0.000000,  0.048453, -0.048453,  0.000000,  0.998825,  0.899863,  0.883709, 
				 3.325175, -0.000000, -1.847319,  0.000000, -1.000000,  0.000000,  0.995439,  0.000000,  0.095397, -0.095397,  0.000000,  0.995439,  0.999900,  0.777722, 
				 2.660140, -0.000000, -1.108392,  0.000000, -1.000000,  0.000000,  0.995439,  0.000000,  0.095397, -0.095397,  0.000000,  0.995439,  0.900258,  0.640701, 
				 2.660140, -0.000000, -1.847319,  0.000000, -1.000000,  0.000000,  0.995439,  0.000000,  0.095397, -0.095397,  0.000000,  0.995439,  0.899581,  0.766842, 
				 3.325175, -0.000000, -1.108392,  0.000000, -1.000000,  0.000000,  0.949747,  0.000000,  0.313017, -0.313017,  0.000000,  0.949747,  0.999900,  0.666633, 
				 2.660140, -0.000000, -0.369464,  0.000000, -1.000000,  0.000000,  0.949747,  0.000000,  0.313017, -0.313017,  0.000000,  0.949747,  0.900038,  0.553275, 
				 2.660140, -0.000000, -1.108392,  0.000000, -1.000000,  0.000000,  0.949747,  0.000000,  0.313017, -0.313017,  0.000000,  0.949747,  0.900258,  0.640701, 
				 3.325175, -0.000000, -0.369464,  0.000000, -1.000000,  0.000000,  0.999731,  0.000000,  0.023171, -0.023171,  0.000000,  0.999731,  0.999900,  0.555544, 
				 2.660140,  0.000000,  0.369464,  0.000000, -1.000000,  0.000000,  0.999732,  0.000000,  0.023171, -0.023171,  0.000000,  0.999732,  0.899931,  0.444475, 
				 2.660140, -0.000000, -0.369464,  0.000000, -1.000000,  0.000000,  0.999732,  0.000000,  0.023171, -0.023171,  0.000000,  0.999732,  0.900038,  0.553275, 
				 3.325175,  0.000000,  0.369464,  0.000000, -1.000000,  0.000000,  1.000000, -0.000000, -0.000180,  0.000180,  0.000000,  1.000000,  0.999900,  0.444456, 
				 2.660140,  0.000000,  1.108392,  0.000000, -1.000000,  0.000000,  1.000000, -0.000000, -0.000180,  0.000180,  0.000000,  1.000000,  0.898918,  0.324036, 
				 2.660140,  0.000000,  0.369464,  0.000000, -1.000000,  0.000000,  1.000000, -0.000000, -0.000180,  0.000180,  0.000000,  1.000000,  0.899931,  0.444475, 
				 3.325175,  0.000000,  1.108392,  0.000000, -1.000000,  0.000000,  0.997465,  0.000000,  0.071160, -0.071160,  0.000000,  0.997465,  0.999900,  0.333367, 
				 2.660140,  0.000000,  1.847319,  0.000000, -1.000000,  0.000000,  0.997465,  0.000000,  0.071160, -0.071160,  0.000000,  0.997465,  0.894905,  0.178712, 
				 2.660140,  0.000000,  1.108392,  0.000000, -1.000000,  0.000000,  0.997465,  0.000000,  0.071160, -0.071160,  0.000000,  0.997465,  0.898918,  0.324036, 
				 3.325175,  0.000000,  1.847319,  0.000000, -1.000000,  0.000000,  0.843635,  0.000000,  0.536917, -0.536917,  0.000000,  0.843635,  0.999900,  0.222278, 
				 2.660140,  0.000000,  2.586247,  0.000000, -1.000000,  0.000000,  0.936734,  0.000000,  0.350042, -0.350042,  0.000000,  0.936734,  0.899036,  0.102654, 
				 2.660140,  0.000000,  1.847319,  0.000000, -1.000000,  0.000000,  0.891678,  0.000000,  0.452669, -0.452669,  0.000000,  0.891678,  0.894905,  0.178712, 
				-2.660140,  0.000000,  1.847319,  0.000000, -1.000000,  0.000000,  0.712261, -0.000000, -0.701915,  0.701915,  0.000000,  0.712260,  0.098720,  0.123750, 
				-3.325175,  0.000000,  2.586247,  0.000000, -1.000000,  0.000000,  0.712261, -0.000000, -0.701915,  0.701915,  0.000000,  0.712260,  0.000100,  0.111189, 
				-3.325175,  0.000000,  1.847319,  0.000000, -1.000000,  0.000000,  0.712261, -0.000000, -0.701915,  0.701915,  0.000000,  0.712261,  0.000100,  0.222278, 
				-1.995105,  0.000000,  1.847319,  0.000000, -1.000000,  0.000000,  0.718600,  0.000000,  0.695423, -0.695423,  0.000000,  0.718600,  0.200978,  0.202440, 
				-2.660140,  0.000000,  2.586247,  0.000000, -1.000000,  0.000000,  0.718600,  0.000000,  0.695423, -0.695423,  0.000000,  0.718600,  0.099656,  0.033402, 
				-2.660140,  0.000000,  1.847319,  0.000000, -1.000000,  0.000000,  0.718600,  0.000000,  0.695423, -0.695423,  0.000000,  0.718600,  0.098720,  0.123750, 
				-1.330070,  0.000000,  1.847319,  0.000000, -1.000000,  0.000000,  0.730331,  0.000000,  0.683094, -0.683094,  0.000000,  0.730331,  0.308067,  0.310484, 
				-1.995105,  0.000000,  2.586247,  0.000000, -1.000000,  0.000000,  0.728358,  0.000000,  0.685196, -0.685196,  0.000000,  0.728358,  0.199060,  0.068808, 
				-1.995105,  0.000000,  1.847319,  0.000000, -1.000000,  0.000000,  0.743903,  0.000000,  0.668288, -0.668288,  0.000000,  0.743903,  0.200978,  0.202440, 
				-0.665035,  0.000000,  1.847319,  0.000000, -1.000000,  0.000000,  0.653749,  0.000000,  0.756712, -0.756712,  0.000000,  0.653749,  0.410939,  0.444302, 
				-1.330070,  0.000000,  2.586247,  0.000000, -1.000000,  0.000000,  0.653749,  0.000000,  0.756712, -0.756712,  0.000000,  0.653749,  0.297067,  0.182029, 
				-1.330070,  0.000000,  1.847319,  0.000000, -1.000000,  0.000000,  0.653749,  0.000000,  0.756712, -0.756712,  0.000000,  0.653749,  0.308067,  0.310484, 
				-0.000000,  0.000000,  1.847319,  0.000000, -1.000000,  0.000000,  0.702309,  0.000000,  0.711872, -0.711872,  0.000000,  0.702309,  0.502127,  0.601497, 
				-0.665035,  0.000000,  2.586247,  0.000000, -1.000000,  0.000000,  0.819553,  0.000000,  0.573004, -0.573004,  0.000000,  0.819553,  0.406602,  0.271987, 
				-0.665035,  0.000000,  1.847319,  0.000000, -1.000000,  0.000000,  0.759909,  0.000000,  0.650029, -0.650029,  0.000000,  0.759909,  0.410939,  0.444302, 
				 0.665035,  0.000000,  1.847319,  0.000000, -1.000000,  0.000000,  0.841190, -0.000000, -0.540740,  0.540740,  0.000000,  0.841190,  0.592990,  0.438823, 
				-0.000000,  0.000000,  2.586247,  0.000000, -1.000000,  0.000000,  0.841190, -0.000000, -0.540740,  0.540740,  0.000000,  0.841190,  0.498847,  0.320319, 
				-0.000000,  0.000000,  1.847319,  0.000000, -1.000000,  0.000000,  0.841190, -0.000000, -0.540740,  0.540740,  0.000000,  0.841190,  0.502127,  0.601497, 
				 1.330070,  0.000000,  1.847319,  0.000000, -1.000000,  0.000000,  0.573058, -0.000000, -0.819515,  0.819515,  0.000000,  0.573058,  0.683890,  0.266826, 
				 0.665035,  0.000000,  2.586247,  0.000000, -1.000000,  0.000000,  0.573058, -0.000000, -0.819515,  0.819515,  0.000000,  0.573058,  0.589483,  0.305188, 
				 0.665035,  0.000000,  1.847319,  0.000000, -1.000000,  0.000000,  0.573058, -0.000000, -0.819515,  0.819515,  0.000000,  0.573058,  0.592990,  0.438823, 
				 1.995105,  0.000000,  1.847319,  0.000000, -1.000000,  0.000000,  0.745296, -0.000000, -0.666734,  0.666734,  0.000000,  0.745296,  0.795513,  0.153986, 
				 1.330070,  0.000000,  2.586247,  0.000000, -1.000000,  0.000000,  0.745296, -0.000000, -0.666734,  0.666734,  0.000000,  0.745296,  0.704763,  0.126675, 
				 1.330070,  0.000000,  1.847319,  0.000000, -1.000000,  0.000000,  0.745296, -0.000000, -0.666734,  0.666734,  0.000000,  0.745296,  0.683890,  0.266826, 
				 2.660140,  0.000000,  1.847319,  0.000000, -1.000000,  0.000000,  0.930131,  0.000000,  0.367228, -0.367228,  0.000000,  0.930131,  0.894905,  0.178712, 
				 1.995105,  0.000000,  2.586247,  0.000000, -1.000000,  0.000000,  0.955860, -0.000000, -0.293823,  0.293822,  0.000000,  0.955860,  0.796164,  0.084400, 
				 1.995105,  0.000000,  1.847319,  0.000000, -1.000000,  0.000000,  0.996763,  0.000000,  0.080400, -0.080400,  0.000000,  0.996763,  0.795513,  0.153986, 
				-2.660140,  0.000000,  1.108392,  0.000000, -1.000000,  0.000000,  0.847744, -0.000000, -0.530406,  0.530406,  0.000000,  0.847744,  0.096415,  0.270812, 
				-3.325175,  0.000000,  1.847319,  0.000000, -1.000000,  0.000000,  0.847744, -0.000000, -0.530406,  0.530406,  0.000000,  0.847744,  0.000100,  0.222278, 
				-3.325175,  0.000000,  1.108392,  0.000000, -1.000000,  0.000000,  0.847744, -0.000000, -0.530406,  0.530406,  0.000000,  0.847744,  0.000100,  0.333367, 
				-1.995105,  0.000000,  1.108392,  0.000000, -1.000000,  0.000000,  0.890078,  0.000000,  0.455807, -0.455807,  0.000000,  0.890078,  0.200727,  0.338592, 
				-2.660140,  0.000000,  1.847319,  0.000000, -1.000000,  0.000000,  0.890078,  0.000000,  0.455807, -0.455807,  0.000000,  0.890078,  0.098720,  0.123750, 
				-2.660140,  0.000000,  1.108392,  0.000000, -1.000000,  0.000000,  0.890078,  0.000000,  0.455807, -0.455807,  0.000000,  0.890078,  0.096415,  0.270812, 
				-1.330070,  0.000000,  1.108392,  0.000000, -1.000000,  0.000000,  0.860913,  0.000000,  0.508753, -0.508753,  0.000000,  0.860913,  0.313509,  0.411004, 
				-1.995105,  0.000000,  1.847319,  0.000000, -1.000000,  0.000000,  0.860913,  0.000000,  0.508753, -0.508753,  0.000000,  0.860913,  0.200978,  0.202440, 
				-1.995105,  0.000000,  1.108392,  0.000000, -1.000000,  0.000000,  0.860913,  0.000000,  0.508753, -0.508753,  0.000000,  0.860913,  0.200727,  0.338592, 
				-0.665035,  0.000000,  1.108392,  0.000000, -1.000000,  0.000000,  0.450480,  0.000000,  0.892786, -0.892786,  0.000000,  0.450480,  0.425748,  0.590298, 
				-1.330070,  0.000000,  1.847319,  0.000000, -1.000000,  0.000000,  0.584409,  0.000000,  0.811459, -0.811459,  0.000000,  0.584409,  0.308067,  0.310484, 
				-1.330070,  0.000000,  1.108392,  0.000000, -1.000000,  0.000000,  0.514343,  0.000000,  0.857584, -0.857584,  0.000000,  0.514343,  0.313509,  0.411004, 
				-0.000000,  0.000000,  1.108392,  0.000000, -1.000000,  0.000000,  0.905001,  0.000000,  0.425409, -0.425409,  0.000000,  0.905001,  0.511332,  0.652063, 
				-0.665035,  0.000000,  1.847319,  0.000000, -1.000000,  0.000000,  0.905001,  0.000000,  0.425409, -0.425409,  0.000000,  0.905001,  0.410939,  0.444302, 
				-0.665035,  0.000000,  1.108392,  0.000000, -1.000000,  0.000000,  0.905001,  0.000000,  0.425409, -0.425409,  0.000000,  0.905001,  0.425748,  0.590298, 
				 0.665035,  0.000000,  1.108392,  0.000000, -1.000000,  0.000000,  0.505695, -0.000000, -0.862712,  0.862712,  0.000000,  0.505695,  0.580425,  0.574424, 
				-0.000000,  0.000000,  1.847319,  0.000000, -1.000000,  0.000000,  0.505695, -0.000000, -0.862712,  0.862712,  0.000000,  0.505695,  0.502127,  0.601497, 
				-0.000000,  0.000000,  1.108392,  0.000000, -1.000000,  0.000000,  0.505695, -0.000000, -0.862712,  0.862712,  0.000000,  0.505695,  0.511332,  0.652063, 
				 1.330070,  0.000000,  1.108392,  0.000000, -1.000000,  0.000000,  0.558540, -0.000000, -0.829477,  0.829477,  0.000000,  0.558540,  0.683388,  0.393184, 
				 0.665035,  0.000000,  1.847319,  0.000000, -1.000000,  0.000000,  0.558541, -0.000000, -0.829477,  0.829477,  0.000000,  0.558541,  0.592990,  0.438823, 
				 0.665035,  0.000000,  1.108392,  0.000000, -1.000000,  0.000000,  0.558540, -0.000000, -0.829477,  0.829477,  0.000000,  0.558540,  0.580425,  0.574424, 
				 1.995105,  0.000000,  1.108392,  0.000000, -1.000000,  0.000000,  0.824375, -0.000000, -0.566044,  0.566044,  0.000000,  0.824375,  0.809344,  0.315098, 
				 1.330070,  0.000000,  1.847319,  0.000000, -1.000000,  0.000000,  0.824375, -0.000000, -0.566044,  0.566044,  0.000000,  0.824375,  0.683890,  0.266826, 
				 1.330070,  0.000000,  1.108392,  0.000000, -1.000000,  0.000000,  0.824375, -0.000000, -0.566044,  0.566044,  0.000000,  0.824375,  0.683388,  0.393184, 
				 2.660140,  0.000000,  1.108392,  0.000000, -1.000000,  0.000000,  0.997184,  0.000000,  0.074991, -0.074991,  0.000000,  0.997184,  0.898918,  0.324036, 
				 1.995105,  0.000000,  1.847319,  0.000000, -1.000000,  0.000000,  0.998106,  0.000000,  0.061520, -0.061520,  0.000000,  0.998106,  0.795513,  0.153986, 
				 1.995105,  0.000000,  1.108392,  0.000000, -1.000000,  0.000000,  0.997637,  0.000000,  0.068708, -0.068708,  0.000000,  0.997637,  0.809344,  0.315098, 
				-2.660140,  0.000000,  0.369464,  0.000000, -1.000000,  0.000000,  0.981516, -0.000000, -0.191379,  0.191379,  0.000000,  0.981516,  0.100158,  0.442052, 
				-3.325175,  0.000000,  1.108392,  0.000000, -1.000000,  0.000000,  0.976539, -0.000000, -0.215339,  0.215339,  0.000000,  0.976539,  0.000100,  0.333367, 
				-3.325175,  0.000000,  0.369464,  0.000000, -1.000000,  0.000000,  0.999711, -0.000000, -0.024029,  0.024029,  0.000000,  0.999711,  0.000100,  0.444456, 
				-1.995105,  0.000000,  0.369464,  0.000000, -1.000000,  0.000000,  0.999836, -0.000000, -0.018100,  0.018100,  0.000000,  0.999836,  0.200313,  0.439262, 
				-2.660140,  0.000000,  1.108392,  0.000000, -1.000000,  0.000000,  0.999836, -0.000000, -0.018100,  0.018100,  0.000000,  0.999836,  0.096415,  0.270812, 
				-2.660140,  0.000000,  0.369464,  0.000000, -1.000000,  0.000000,  0.999836, -0.000000, -0.018100,  0.018100,  0.000000,  0.999836,  0.100158,  0.442052, 
				-1.330070,  0.000000,  0.369464,  0.000000, -1.000000,  0.000000,  0.899124,  0.000000,  0.437695, -0.437695,  0.000000,  0.899124,  0.304714,  0.483368, 
				-1.995105,  0.000000,  1.108392,  0.000000, -1.000000,  0.000000,  0.899124,  0.000000,  0.437695, -0.437695,  0.000000,  0.899124,  0.200727,  0.338592, 
				-1.995105,  0.000000,  0.369464,  0.000000, -1.000000,  0.000000,  0.899124,  0.000000,  0.437695, -0.437695,  0.000000,  0.899124,  0.200313,  0.439262, 
				-0.665035,  0.000000,  0.369464,  0.000000, -1.000000,  0.000000,  0.432871,  0.000000,  0.901456, -0.901456,  0.000000,  0.432871,  0.420027,  0.618997, 
				-1.330070,  0.000000,  1.108392,  0.000000, -1.000000,  0.000000,  0.432871,  0.000000,  0.901456, -0.901456,  0.000000,  0.432871,  0.313509,  0.411004, 
				-1.330070,  0.000000,  0.369464,  0.000000, -1.000000,  0.000000,  0.432871,  0.000000,  0.901456, -0.901456,  0.000000,  0.432871,  0.304714,  0.483368, 
				-0.000000,  0.000000,  0.369464,  0.000000, -1.000000,  0.000000,  0.425032,  0.000000,  0.905178, -0.905178,  0.000000,  0.425032,  0.513201,  0.674005, 
				-0.665035,  0.000000,  1.108392,  0.000000, -1.000000,  0.000000,  0.425032,  0.000000,  0.905178, -0.905178,  0.000000,  0.425032,  0.425748,  0.590298, 
				-0.665035,  0.000000,  0.369464,  0.000000, -1.000000,  0.000000,  0.425032,  0.000000,  0.905178, -0.905178,  0.000000,  0.425032,  0.420027,  0.618997, 
				 0.665035,  0.000000,  0.369464,  0.000000, -1.000000,  0.000000,  0.336162, -0.000000, -0.941804,  0.941804,  0.000000,  0.336162,  0.589458,  0.618681, 
				-0.000000,  0.000000,  1.108392,  0.000000, -1.000000,  0.000000,  0.336162, -0.000000, -0.941804,  0.941804,  0.000000,  0.336162,  0.511332,  0.652063, 
				-0.000000,  0.000000,  0.369464,  0.000000, -1.000000,  0.000000,  0.336162, -0.000000, -0.941804,  0.941804,  0.000000,  0.336162,  0.513201,  0.674005, 
				 1.330070,  0.000000,  0.369464,  0.000000, -1.000000,  0.000000,  0.288947, -0.000000, -0.957345,  0.957345,  0.000000,  0.288947,  0.701552,  0.464318, 
				 0.665035,  0.000000,  1.108392,  0.000000, -1.000000,  0.000000,  0.294523, -0.000000, -0.955644,  0.955644,  0.000000,  0.294523,  0.580425,  0.574424, 
				 0.665035,  0.000000,  0.369464,  0.000000, -1.000000,  0.000000,  0.249853, -0.000000, -0.968284,  0.968284,  0.000000,  0.249853,  0.589458,  0.618681, 
				 1.995105,  0.000000,  0.369464,  0.000000, -1.000000,  0.000000,  0.975025, -0.000000, -0.222096,  0.222096,  0.000000,  0.975025,  0.802957,  0.449735, 
				 1.330070,  0.000000,  1.108392,  0.000000, -1.000000,  0.000000,  0.975025, -0.000000, -0.222096,  0.222096,  0.000000,  0.975025,  0.683388,  0.393184, 
				 1.330070,  0.000000,  0.369464,  0.000000, -1.000000,  0.000000,  0.975025, -0.000000, -0.222096,  0.222096,  0.000000,  0.975025,  0.701552,  0.464318, 
				 2.660140,  0.000000,  0.369464,  0.000000, -1.000000,  0.000000,  0.999059, -0.000000, -0.043366,  0.043366,  0.000000,  0.999059,  0.899931,  0.444475, 
				 1.995105,  0.000000,  1.108392,  0.000000, -1.000000,  0.000000,  0.999059, -0.000000, -0.043366,  0.043366,  0.000000,  0.999059,  0.809344,  0.315098, 
				 1.995105,  0.000000,  0.369464,  0.000000, -1.000000,  0.000000,  0.999059, -0.000000, -0.043366,  0.043366,  0.000000,  0.999059,  0.802957,  0.449735, 
				-2.660140, -0.000000, -0.369464,  0.000000, -1.000000,  0.000000,  0.999895, -0.000000, -0.014491,  0.014491,  0.000000,  0.999895,  0.102520,  0.554096, 
				-3.325175,  0.000000,  0.369464,  0.000000, -1.000000,  0.000000,  0.999895, -0.000000, -0.014491,  0.014491,  0.000000,  0.999895,  0.000100,  0.444456, 
				-3.325175, -0.000000, -0.369464,  0.000000, -1.000000,  0.000000,  0.999895, -0.000000, -0.014491,  0.014491,  0.000000,  0.999895,  0.000100,  0.555544, 
				-1.995105, -0.000000, -0.369464,  0.000000, -1.000000,  0.000000,  0.990347, -0.000000, -0.138610,  0.138610,  0.000000,  0.990347,  0.202147,  0.539982, 
				-2.660140,  0.000000,  0.369464,  0.000000, -1.000000,  0.000000,  0.990347, -0.000000, -0.138610,  0.138610,  0.000000,  0.990347,  0.100158,  0.442052, 
				-2.660140, -0.000000, -0.369464,  0.000000, -1.000000,  0.000000,  0.990347, -0.000000, -0.138610,  0.138610,  0.000000,  0.990347,  0.102520,  0.554096, 
				-1.330070, -0.000000, -0.369464, -0.000000, -1.000000,  0.000000,  0.999753, -0.000000, -0.022245,  0.022245,  0.000000,  0.999752,  0.300195,  0.537965, 
				-1.995105,  0.000000,  0.369464, -0.000000, -1.000000,  0.000000,  0.999753, -0.000000, -0.022245,  0.022245,  0.000000,  0.999753,  0.200313,  0.439262, 
				-1.995105, -0.000000, -0.369464, -0.000000, -1.000000,  0.000000,  0.999753, -0.000000, -0.022245,  0.022245,  0.000000,  0.999753,  0.202147,  0.539982, 
				-0.665035, -0.000000, -0.369464,  0.000000, -1.000000,  0.000000,  0.312406,  0.000000,  0.949949, -0.949949,  0.000000,  0.312406,  0.399412,  0.631000, 
				-1.330070,  0.000000,  0.369464,  0.000000, -1.000000,  0.000000,  0.265674,  0.000000,  0.964063, -0.964063,  0.000000,  0.265674,  0.304714,  0.483368, 
				-1.330070, -0.000000, -0.369464,  0.000000, -1.000000,  0.000000,  0.467022,  0.000000,  0.884246, -0.884246,  0.000000,  0.467022,  0.300195,  0.537965, 
				-0.000000, -0.000000, -0.369464,  0.000000, -1.000000,  0.000000,  0.836896,  0.000000,  0.547361, -0.547361,  0.000000,  0.836896,  0.497603,  0.697137, 
				-0.665035,  0.000000,  0.369464,  0.000000, -1.000000,  0.000000,  0.172917,  0.000000,  0.984936, -0.984936,  0.000000,  0.172917,  0.420027,  0.618997, 
				 0.665035, -0.000000, -0.369464,  0.000000, -1.000000,  0.000000,  0.553854, -0.000000, -0.832614,  0.832614,  0.000000,  0.553854,  0.597586,  0.663285, 
				-0.000000,  0.000000,  0.369464,  0.000000, -1.000000,  0.000000,  0.993298,  0.000000,  0.115582, -0.115582,  0.000000,  0.993298,  0.513201,  0.674005, 
				 1.330070, -0.000000, -0.369464,  0.000000, -1.000000,  0.000000,  0.299801, -0.000000, -0.954002,  0.954002,  0.000000,  0.299801,  0.701438,  0.535544, 
				 0.665035,  0.000000,  0.369464,  0.000000, -1.000000,  0.000000,  0.299801, -0.000000, -0.954002,  0.954002,  0.000000,  0.299801,  0.589458,  0.618681, 
				 0.665035, -0.000000, -0.369464,  0.000000, -1.000000,  0.000000,  0.299801, -0.000000, -0.954002,  0.954002,  0.000000,  0.299801,  0.597586,  0.663285, 
				 1.995105, -0.000000, -0.369464,  0.000000, -1.000000,  0.000000,  0.980755, -0.000000, -0.195244,  0.195244,  0.000000,  0.980755,  0.801763,  0.523867, 
				 1.330070,  0.000000,  0.369464,  0.000000, -1.000000,  0.000000,  0.980294, -0.000000, -0.197543,  0.197543,  0.000000,  0.980294,  0.701552,  0.464318, 
				 1.330070, -0.000000, -0.369464,  0.000000, -1.000000,  0.000000,  0.983813, -0.000000, -0.179198,  0.179198,  0.000000,  0.983813,  0.701438,  0.535544, 
				 2.660140, -0.000000, -0.369464,  0.000000, -1.000000,  0.000000,  0.915057,  0.000000,  0.403324, -0.403324,  0.000000,  0.915057,  0.900038,  0.553275, 
				 1.995105,  0.000000,  0.369464,  0.000000, -1.000000,  0.000000,  0.915057,  0.000000,  0.403324, -0.403324,  0.000000,  0.915057,  0.802957,  0.449735, 
				 1.995105, -0.000000, -0.369464,  0.000000, -1.000000,  0.000000,  0.915057,  0.000000,  0.403324, -0.403324,  0.000000,  0.915057,  0.801763,  0.523867, 
				-2.660140, -0.000000, -1.108392,  0.000000, -1.000000,  0.000000,  0.939015, -0.000000, -0.343876,  0.343876,  0.000000,  0.939015,  0.117470,  0.630020, 
				-3.325175, -0.000000, -0.369464,  0.000000, -1.000000,  0.000000,  0.939015, -0.000000, -0.343876,  0.343876,  0.000000,  0.939015,  0.000100,  0.555544, 
				-3.325175, -0.000000, -1.108392,  0.000000, -1.000000,  0.000000,  0.939015, -0.000000, -0.343876,  0.343876,  0.000000,  0.939015,  0.000100,  0.666633, 
				-1.995105, -0.000000, -1.108392,  0.000000, -1.000000,  0.000000,  0.822377, -0.000000, -0.568943,  0.568943,  0.000000,  0.822377,  0.208069,  0.582746, 
				-2.660140, -0.000000, -0.369464,  0.000000, -1.000000,  0.000000,  0.822377, -0.000000, -0.568943,  0.568943,  0.000000,  0.822377,  0.102520,  0.554096, 
				-2.660140, -0.000000, -1.108392,  0.000000, -1.000000,  0.000000,  0.822377, -0.000000, -0.568943,  0.568943,  0.000000,  0.822377,  0.117470,  0.630020, 
				-1.330070, -0.000000, -1.108392, -0.000000, -1.000000,  0.000000,  0.973960,  0.000000,  0.226721, -0.226721,  0.000000,  0.973960,  0.297797,  0.591705, 
				-1.995105, -0.000000, -0.369464, -0.000000, -1.000000,  0.000000,  0.973960,  0.000000,  0.226721, -0.226721,  0.000000,  0.973960,  0.202147,  0.539982, 
				-1.995105, -0.000000, -1.108392, -0.000000, -1.000000,  0.000000,  0.973960,  0.000000,  0.226721, -0.226721,  0.000000,  0.973960,  0.208069,  0.582746, 
				-0.665035, -0.000000, -1.108392,  0.000000, -1.000000,  0.000000,  0.498206,  0.000000,  0.867059, -0.867059,  0.000000,  0.498206,  0.398153,  0.675880, 
				-1.330070, -0.000000, -0.369464,  0.000000, -1.000000,  0.000000,  0.498206,  0.000000,  0.867059, -0.867059,  0.000000,  0.498206,  0.300195,  0.537965, 
				-1.330070, -0.000000, -1.108392,  0.000000, -1.000000,  0.000000,  0.498206,  0.000000,  0.867059, -0.867059,  0.000000,  0.498206,  0.297797,  0.591705, 
				-0.000000, -0.000000, -1.108392,  0.000000, -1.000000,  0.000000,  0.461818,  0.000000,  0.886975, -0.886975,  0.000000,  0.461818,  0.498907,  0.753457, 
				-0.665035, -0.000000, -0.369464,  0.000000, -1.000000,  0.000000,  0.461818,  0.000000,  0.886974, -0.886974,  0.000000,  0.461818,  0.399412,  0.631000, 
				-0.665035, -0.000000, -1.108392,  0.000000, -1.000000,  0.000000,  0.461818,  0.000000,  0.886974, -0.886974,  0.000000,  0.461818,  0.398153,  0.675880, 
				 0.665035, -0.000000, -1.108392,  0.000000, -1.000000,  0.000000,  0.803440, -0.000000, -0.595386,  0.595386,  0.000000,  0.803440,  0.599111,  0.715895, 
				-0.000000, -0.000000, -0.369464,  0.000000, -1.000000,  0.000000,  0.803440, -0.000000, -0.595386,  0.595386,  0.000000,  0.803440,  0.497603,  0.697137, 
				-0.000000, -0.000000, -1.108392,  0.000000, -1.000000,  0.000000,  0.803439, -0.000000, -0.595386,  0.595386,  0.000000,  0.803439,  0.498907,  0.753457, 
				 1.330070, -0.000000, -1.108392,  0.000000, -1.000000,  0.000000,  0.314246, -0.000000, -0.949342,  0.949342,  0.000000,  0.314246,  0.701794,  0.572852, 
				 0.665035, -0.000000, -0.369464,  0.000000, -1.000000,  0.000000,  0.314246, -0.000000, -0.949342,  0.949342,  0.000000,  0.314246,  0.597586,  0.663285, 
				 0.665035, -0.000000, -1.108392,  0.000000, -1.000000,  0.000000,  0.314246, -0.000000, -0.949342,  0.949342,  0.000000,  0.314246,  0.599111,  0.715895, 
				 1.995105, -0.000000, -1.108392,  0.000000, -1.000000,  0.000000,  0.980142, -0.000000, -0.198295,  0.198295,  0.000000,  0.980142,  0.802236,  0.566059, 
				 1.330070, -0.000000, -0.369464,  0.000000, -1.000000,  0.000000,  0.980142, -0.000000, -0.198295,  0.198295,  0.000000,  0.980142,  0.701438,  0.535544, 
				 1.330070, -0.000000, -1.108392,  0.000000, -1.000000,  0.000000,  0.980142, -0.000000, -0.198295,  0.198295,  0.000000,  0.980142,  0.701794,  0.572852, 
				 2.660140, -0.000000, -1.108392,  0.000000, -1.000000,  0.000000,  0.453428,  0.000000,  0.891293, -0.891293,  0.000000,  0.453428,  0.900258,  0.640701, 
				 1.995105, -0.000000, -0.369464,  0.000000, -1.000000,  0.000000,  0.453428,  0.000000,  0.891293, -0.891293,  0.000000,  0.453428,  0.801763,  0.523867, 
				 1.995105, -0.000000, -1.108392,  0.000000, -1.000000,  0.000000,  0.453428,  0.000000,  0.891293, -0.891293,  0.000000,  0.453428,  0.802236,  0.566059, 
				-2.660140, -0.000000, -1.847319,  0.000000, -1.000000,  0.000000,  0.856015, -0.000000, -0.516951,  0.516951,  0.000000,  0.856015,  0.116936,  0.717344, 
				-3.325175, -0.000000, -1.108392,  0.000000, -1.000000,  0.000000,  0.856015, -0.000000, -0.516951,  0.516951,  0.000000,  0.856015,  0.000100,  0.666633, 
				-3.325175, -0.000000, -1.847319,  0.000000, -1.000000,  0.000000,  0.856015, -0.000000, -0.516951,  0.516951,  0.000000,  0.856015,  0.000100,  0.777722, 
				-1.995105, -0.000000, -1.847319,  0.000000, -1.000000,  0.000000,  0.762114, -0.000000, -0.647442,  0.647442,  0.000000,  0.762114,  0.216846,  0.650577, 
				-2.660140, -0.000000, -1.108392,  0.000000, -1.000000,  0.000000,  0.762114, -0.000000, -0.647442,  0.647442,  0.000000,  0.762114,  0.117470,  0.630020, 
				-2.660140, -0.000000, -1.847319,  0.000000, -1.000000,  0.000000,  0.762114, -0.000000, -0.647442,  0.647442,  0.000000,  0.762114,  0.116936,  0.717344, 
				-1.330070, -0.000000, -1.847319,  0.000000, -1.000000,  0.000000,  0.975956,  0.000000,  0.217969, -0.217969,  0.000000,  0.975956,  0.298979,  0.664212, 
				-1.995105, -0.000000, -1.108392,  0.000000, -1.000000,  0.000000,  0.975956,  0.000000,  0.217969, -0.217969,  0.000000,  0.975956,  0.208069,  0.582746, 
				-1.995105, -0.000000, -1.847319,  0.000000, -1.000000,  0.000000,  0.975956,  0.000000,  0.217969, -0.217969,  0.000000,  0.975956,  0.216846,  0.650577, 
				-0.665035, -0.000000, -1.847319,  0.000000, -1.000000,  0.000000,  0.580527,  0.000000,  0.814241, -0.814241,  0.000000,  0.580527,  0.398453,  0.755740, 
				-1.330070, -0.000000, -1.108392,  0.000000, -1.000000,  0.000000,  0.580527,  0.000000,  0.814241, -0.814241,  0.000000,  0.580527,  0.297797,  0.591705, 
				-1.330070, -0.000000, -1.847319,  0.000000, -1.000000,  0.000000,  0.580527,  0.000000,  0.814241, -0.814241,  0.000000,  0.580527,  0.298979,  0.664212, 
				-0.000000, -0.000000, -1.847319,  0.000000, -1.000000,  0.000000,  0.821325,  0.000000,  0.570460, -0.570460,  0.000000,  0.821325,  0.500000,  0.806957, 
				-0.665035, -0.000000, -1.108392,  0.000000, -1.000000,  0.000000,  0.814381,  0.000000,  0.580330, -0.580330,  0.000000,  0.814381,  0.398153,  0.675880, 
				-0.665035, -0.000000, -1.847319,  0.000000, -1.000000,  0.000000,  0.818101,  0.000000,  0.575075, -0.575075,  0.000000,  0.818101,  0.398453,  0.755740, 
				 0.665035, -0.000000, -1.847319,  0.000000, -1.000000,  0.000000,  0.996369, -0.000000, -0.085134,  0.085134,  0.000000,  0.996369,  0.599799,  0.802843, 
				-0.000000, -0.000000, -1.108392,  0.000000, -1.000000,  0.000000,  0.996369, -0.000000, -0.085134,  0.085134,  0.000000,  0.996369,  0.498907,  0.753457, 
				-0.000000, -0.000000, -1.847319,  0.000000, -1.000000,  0.000000,  0.996369, -0.000000, -0.085134,  0.085134,  0.000000,  0.996369,  0.500000,  0.806957, 
				 1.330070, -0.000000, -1.847319,  0.000000, -1.000000,  0.000000,  0.491973, -0.000000, -0.870611,  0.870611,  0.000000,  0.491973,  0.696293,  0.664363, 
				 0.665035, -0.000000, -1.108392,  0.000000, -1.000000,  0.000000,  0.491973, -0.000000, -0.870611,  0.870611,  0.000000,  0.491973,  0.599111,  0.715895, 
				 0.665035, -0.000000, -1.847319,  0.000000, -1.000000,  0.000000,  0.491973, -0.000000, -0.870611,  0.870611,  0.000000,  0.491973,  0.599799,  0.802843, 
				 1.995105, -0.000000, -1.847319,  0.000000, -1.000000,  0.000000,  0.970539, -0.000000, -0.240943,  0.240943,  0.000000,  0.970539,  0.796340,  0.643917, 
				 1.330070, -0.000000, -1.108392,  0.000000, -1.000000,  0.000000,  0.970539, -0.000000, -0.240943,  0.240943,  0.000000,  0.970539,  0.701794,  0.572852, 
				 1.330070, -0.000000, -1.847319,  0.000000, -1.000000,  0.000000,  0.970539, -0.000000, -0.240943,  0.240943,  0.000000,  0.970539,  0.696293,  0.664363, 
				 2.660140, -0.000000, -1.847319,  0.000000, -1.000000,  0.000000,  0.495227,  0.000000,  0.868764, -0.868763,  0.000000,  0.495227,  0.899581,  0.766842, 
				 1.995105, -0.000000, -1.108392,  0.000000, -1.000000,  0.000000,  0.495227,  0.000000,  0.868764, -0.868764,  0.000000,  0.495227,  0.802236,  0.566059, 
				 1.995105, -0.000000, -1.847319,  0.000000, -1.000000,  0.000000,  0.495227,  0.000000,  0.868764, -0.868763,  0.000000,  0.495227,  0.796340,  0.643917, 
				-2.660140, -0.000000, -2.586247,  0.000000, -1.000000,  0.000000,  0.999015,  0.000000,  0.044370, -0.044370,  0.000000,  0.999015,  0.100222,  0.893252, 
				-3.325175, -0.000000, -1.847319,  0.000000, -1.000000,  0.000000,  0.999015,  0.000000,  0.044370, -0.044370,  0.000000,  0.999015,  0.000100,  0.777722, 
				-3.325175, -0.000000, -2.586247,  0.000000, -1.000000,  0.000000,  0.999015,  0.000000,  0.044370, -0.044370,  0.000000,  0.999015,  0.000100,  0.888811, 
				-1.995105, -0.000000, -2.586247,  0.000000, -1.000000,  0.000000,  0.973626, -0.000000, -0.228149,  0.228149,  0.000000,  0.973626,  0.209515,  0.856153, 
				-2.660140, -0.000000, -1.847319,  0.000000, -1.000000,  0.000000,  0.973626, -0.000000, -0.228149,  0.228149,  0.000000,  0.973626,  0.116936,  0.717344, 
				-2.660140, -0.000000, -2.586247,  0.000000, -1.000000,  0.000000,  0.973626, -0.000000, -0.228149,  0.228149,  0.000000,  0.973626,  0.100222,  0.893252, 
				-1.330070, -0.000000, -2.586247,  0.000000, -1.000000,  0.000000,  0.997789, -0.000000, -0.066467,  0.066467,  0.000000,  0.997789,  0.303094,  0.843828, 
				-1.995105, -0.000000, -1.847319,  0.000000, -1.000000,  0.000000,  0.997789, -0.000000, -0.066467,  0.066467,  0.000000,  0.997789,  0.216846,  0.650577, 
				-1.995105, -0.000000, -2.586247,  0.000000, -1.000000,  0.000000,  0.997789, -0.000000, -0.066467,  0.066467,  0.000000,  0.997789,  0.209515,  0.856153, 
				-0.665035, -0.000000, -2.586247,  0.000000, -1.000000,  0.000000,  0.964404,  0.000000,  0.264433, -0.264433,  0.000000,  0.964404,  0.399974,  0.888153, 
				-1.330070, -0.000000, -1.847319,  0.000000, -1.000000,  0.000000,  0.964404,  0.000000,  0.264433, -0.264433,  0.000000,  0.964404,  0.298979,  0.664212, 
				-1.330070, -0.000000, -2.586247,  0.000000, -1.000000,  0.000000,  0.964404,  0.000000,  0.264433, -0.264433,  0.000000,  0.964404,  0.303094,  0.843828, 
				-0.000000, -0.000000, -2.586247,  0.000000, -1.000000,  0.000000,  0.999876,  0.000000,  0.015731, -0.015731,  0.000000,  0.999876,  0.500000,  0.890028, 
				-0.665035, -0.000000, -1.847319,  0.000000, -1.000000,  0.000000,  0.999876,  0.000000,  0.015731, -0.015731,  0.000000,  0.999876,  0.398453,  0.755740, 
				-0.665035, -0.000000, -2.586247,  0.000000, -1.000000,  0.000000,  0.999876,  0.000000,  0.015731, -0.015731,  0.000000,  0.999876,  0.399974,  0.888153, 
				 0.665035, -0.000000, -2.586247,  0.000000, -1.000000,  0.000000,  0.995203, -0.000000, -0.097833,  0.097833,  0.000000,  0.995203,  0.599891,  0.882678, 
				-0.000000, -0.000000, -1.847319,  0.000000, -1.000000,  0.000000,  0.995203, -0.000000, -0.097833,  0.097833,  0.000000,  0.995203,  0.500000,  0.806957, 
				-0.000000, -0.000000, -2.586247,  0.000000, -1.000000,  0.000000,  0.995203, -0.000000, -0.097833,  0.097833,  0.000000,  0.995203,  0.500000,  0.890028, 
				 1.330070, -0.000000, -2.586247,  0.000000, -1.000000,  0.000000,  0.777618, -0.000000, -0.628737,  0.628737,  0.000000,  0.777618,  0.699206,  0.824583, 
				 0.665035, -0.000000, -1.847319,  0.000000, -1.000000,  0.000000,  0.777618, -0.000000, -0.628737,  0.628737,  0.000000,  0.777618,  0.599799,  0.802843, 
				 0.665035, -0.000000, -2.586247,  0.000000, -1.000000,  0.000000,  0.777618, -0.000000, -0.628737,  0.628737,  0.000000,  0.777618,  0.599891,  0.882678, 
				 1.995105, -0.000000, -2.586247,  0.000000, -1.000000,  0.000000,  0.999938,  0.000000,  0.011174, -0.011174,  0.000000,  0.999938,  0.799197,  0.826195, 
				 1.330070, -0.000000, -1.847319,  0.000000, -1.000000,  0.000000,  0.999938,  0.000000,  0.011174, -0.011174,  0.000000,  0.999938,  0.696293,  0.664363, 
				 1.330070, -0.000000, -2.586247,  0.000000, -1.000000,  0.000000,  0.999938,  0.000000,  0.011174, -0.011174,  0.000000,  0.999938,  0.699206,  0.824583, 
				 2.660140, -0.000000, -2.586247,  0.000000, -1.000000,  0.000000,  0.943685,  0.000000,  0.330847, -0.330847,  0.000000,  0.943684,  0.899863,  0.883709, 
				 1.995105, -0.000000, -1.847319,  0.000000, -1.000000,  0.000000,  0.943685,  0.000000,  0.330847, -0.330847,  0.000000,  0.943685,  0.796340,  0.643917, 
				 1.995105, -0.000000, -2.586247,  0.000000, -1.000000,  0.000000,  0.943685,  0.000000,  0.330847, -0.330847,  0.000000,  0.943684,  0.799197,  0.826195, 
				-2.660140, -0.000000, -3.325175,  0.000000, -1.000000,  0.000000,  1.000000,  0.000000,  0.000000, -0.000000,  0.000000,  1.000000,  0.100080,  0.999900, 
				-3.325175, -0.000000, -2.586247,  0.000000, -1.000000,  0.000000,  1.000000,  0.000000,  0.000000, -0.000000,  0.000000,  1.000000,  0.000100,  0.888811, 
				-3.325175, -0.000000, -3.325175,  0.000000, -1.000000,  0.000000,  1.000000,  0.000000,  0.000000, -0.000000,  0.000000,  1.000000,  0.000100,  0.999900, 
				-2.660140, -0.000000, -3.325175,  0.000000, -1.000000,  0.000000,  0.932753, -0.000000, -0.360515,  0.360515,  0.000000,  0.932753,  0.100080,  0.999900, 
				-1.995105, -0.000000, -2.586247,  0.000000, -1.000000,  0.000000,  0.932753, -0.000000, -0.360515,  0.360515,  0.000000,  0.932753,  0.209515,  0.856153, 
				-2.660140, -0.000000, -2.586247,  0.000000, -1.000000,  0.000000,  0.932753, -0.000000, -0.360515,  0.360515,  0.000000,  0.932753,  0.100222,  0.893252, 
				-1.995105, -0.000000, -3.325175,  0.000000, -1.000000,  0.000000,  0.995493, -0.000000, -0.094837,  0.094837,  0.000000,  0.995493,  0.200060,  0.999900, 
				-1.330070, -0.000000, -2.586247,  0.000000, -1.000000,  0.000000,  0.995493, -0.000000, -0.094837,  0.094837,  0.000000,  0.995493,  0.303094,  0.843828, 
				-1.995105, -0.000000, -2.586247,  0.000000, -1.000000,  0.000000,  0.995493, -0.000000, -0.094837,  0.094837,  0.000000,  0.995493,  0.209515,  0.856153, 
				-1.330070, -0.000000, -3.325175,  0.000000, -1.000000,  0.000000,  0.953646,  0.000000,  0.300931, -0.300931,  0.000000,  0.953646,  0.300040,  0.999900, 
				-0.665035, -0.000000, -2.586247,  0.000000, -1.000000,  0.000000,  0.953646,  0.000000,  0.300931, -0.300931,  0.000000,  0.953646,  0.399974,  0.888153, 
				-1.330070, -0.000000, -2.586247,  0.000000, -1.000000,  0.000000,  0.953646,  0.000000,  0.300931, -0.300931,  0.000000,  0.953646,  0.303094,  0.843828, 
				-0.665035, -0.000000, -3.325175,  0.000000, -1.000000,  0.000000,  0.999826,  0.000000,  0.018639, -0.018639,  0.000000,  0.999826,  0.400020,  0.999900, 
				-0.000000, -0.000000, -2.586247,  0.000000, -1.000000,  0.000000,  0.999826,  0.000000,  0.018639, -0.018639,  0.000000,  0.999826,  0.500000,  0.890028, 
				-0.665035, -0.000000, -2.586247,  0.000000, -1.000000,  0.000000,  0.999826,  0.000000,  0.018639, -0.018639,  0.000000,  0.999826,  0.399974,  0.888153, 
				 0.000000, -0.000000, -3.325175,  0.000000, -1.000000,  0.000000,  0.997249, -0.000000, -0.074121,  0.074121,  0.000000,  0.997249,  0.500000,  0.999900, 
				 0.665035, -0.000000, -2.586247,  0.000000, -1.000000,  0.000000,  0.997249, -0.000000, -0.074121,  0.074121,  0.000000,  0.997249,  0.599891,  0.882678, 
				-0.000000, -0.000000, -2.586247,  0.000000, -1.000000,  0.000000,  0.997249, -0.000000, -0.074121,  0.074121,  0.000000,  0.997249,  0.500000,  0.890028, 
				 0.665035, -0.000000, -3.325175,  0.000000, -1.000000,  0.000000,  0.875969, -0.000000, -0.482368,  0.482368,  0.000000,  0.875969,  0.599980,  0.999900, 
				 1.330070, -0.000000, -2.586247,  0.000000, -1.000000,  0.000000,  0.875969, -0.000000, -0.482368,  0.482368,  0.000000,  0.875969,  0.699206,  0.824583, 
				 0.665035, -0.000000, -2.586247,  0.000000, -1.000000,  0.000000,  0.875969, -0.000000, -0.482368,  0.482368,  0.000000,  0.875969,  0.599891,  0.882678, 
				 1.330070, -0.000000, -3.325175,  0.000000, -1.000000,  0.000000,  0.999948,  0.000000,  0.010212, -0.010212,  0.000000,  0.999948,  0.699960,  0.999900, 
				 1.995105, -0.000000, -2.586247,  0.000000, -1.000000,  0.000000,  0.999948,  0.000000,  0.010212, -0.010212,  0.000000,  0.999948,  0.799197,  0.826195, 
				 1.330070, -0.000000, -2.586247,  0.000000, -1.000000,  0.000000,  0.999948,  0.000000,  0.010212, -0.010212,  0.000000,  0.999948,  0.699206,  0.824583, 
				 1.995105, -0.000000, -3.325175,  0.000000, -1.000000,  0.000000,  0.938504,  0.000000,  0.345268, -0.345268,  0.000000,  0.938504,  0.799940,  0.999900, 
				 2.660140, -0.000000, -2.586247,  0.000000, -1.000000,  0.000000,  0.938504,  0.000000,  0.345268, -0.345268,  0.000000,  0.938504,  0.899863,  0.883709, 
				 1.995105, -0.000000, -2.586247,  0.000000, -1.000000,  0.000000,  0.938504,  0.000000,  0.345268, -0.345268,  0.000000,  0.938504,  0.799197,  0.826195, 
				-2.660140,  0.000000,  2.586247,  0.000000, -1.000000,  0.000000,  0.746673, -0.000000, -0.665191,  0.665191,  0.000000,  0.746673,  0.099656,  0.033402, 
				-3.325175,  0.000000,  3.325175,  0.000000, -1.000000,  0.000000,  0.789260, -0.000000, -0.614060,  0.614060,  0.000000,  0.789260,  0.000100,  0.000100, 
				-3.325175,  0.000000,  2.586247,  0.000000, -1.000000,  0.000000,  0.766976, -0.000000, -0.641676,  0.641676,  0.000000,  0.766976,  0.000100,  0.111189, 
				-1.995105,  0.000000,  2.586247,  0.000000, -1.000000,  0.000000,  0.646111,  0.000000,  0.763243, -0.763243,  0.000000,  0.646111,  0.199060,  0.068808, 
				-2.660140,  0.000000,  3.325175,  0.000000, -1.000000,  0.000000,  0.646111,  0.000000,  0.763243, -0.763243,  0.000000,  0.646111,  0.100080,  0.000100, 
				-2.660140,  0.000000,  2.586247,  0.000000, -1.000000,  0.000000,  0.646111,  0.000000,  0.763243, -0.763243,  0.000000,  0.646111,  0.099656,  0.033402, 
				-1.330070,  0.000000,  2.586247,  0.000000, -1.000000,  0.000000,  0.479334,  0.000000,  0.877633, -0.877633,  0.000000,  0.479334,  0.297067,  0.182029, 
				-1.995105,  0.000000,  3.325175,  0.000000, -1.000000,  0.000000,  0.948319,  0.000000,  0.317318, -0.317318,  0.000000,  0.948319,  0.200060,  0.000100, 
