{
	"version": [  0,   1], 
	"id": "", 
	"meshes": [
		{
			"attributes": ["POSITION", "NORMAL", "TANGENT", "BINORMAL", "TEXCOORD0", "BLENDWEIGHT0"], 
			"vertices": [
				 0.195400, -0.399244,  1.464019, -0.577349,  0.577349,  0.577349,  0.756534,  0.644241,  0.112297,  0.307117, -0.501619,  0.808736,  0.800117,  0.343173,  0.000000,  1.000000, 
				 0.195400, -0.511840,  1.367498, -0.577349, -0.577349, -0.577349, -0.072998,  0.740775, -0.667775, -0.813225,  0.343394,  0.469831,  0.785351,  0.353956,  0.000000,  1.000000, 
				 0.195400, -0.511840,  1.464019, -0.577349, -0.577349,  0.577349, -0.794079,  0.232497, -0.561591, -0.190002,  0.782695,  0.592693,  0.788296,  0.349504,  0.000000,  1.000000, 
				 0.195400, -0.399244,  1.367498, -0.577349,  0.577349, -0.577349,  0.553224,  0.796668,  0.243442, -0.600506,  0.178852,  0.779359,  0.797734,  0.347201,  0.000000,  1.000000, 
				 0.280044, -0.399244,  1.464019,  0.577349,  0.577349,  0.577349, -0.247069, -0.550418,  0.797494, -0.778216,  0.603078,  0.175138,  0.802906,  0.360071,  0.000000,  1.000000, 
				 0.280044, -0.399244,  1.367498,  0.577349,  0.577349, -0.577349,  0.186059,  0.595475,  0.781532, -0.795014,  0.558638, -0.236376,  0.800741,  0.365052,  0.000000,  1.000000, 
				 0.280044, -0.511840,  1.464019,  0.577349, -0.577349,  0.577349,  0.514471,  0.806317,  0.291843, -0.634022,  0.128534,  0.762556,  0.791320,  0.365904,  0.000000,  1.000000, 
				 0.280044, -0.399244,  1.367498,  0.577349,  0.577349, -0.577349, -0.816493,  0.408432, -0.408071,  0.000209,  0.707001,  0.707210,  0.800741,  0.365052,  0.000000,  1.000000, 
				 0.280044, -0.399244,  1.464019,  0.577349,  0.577349,  0.577349, -0.102537,  0.752779, -0.650238, -0.810031,  0.316215,  0.493816,  0.802906,  0.360071,  0.000000,  1.000000, 
				 0.280044, -0.511840,  1.367498,  0.577349, -0.577349, -0.577349,  0.763380,  0.632565,  0.130819,  0.289683, -0.516265,  0.805947,  0.788608,  0.371230,  0.000000,  1.000000, 
				 0.195400, -0.511840,  1.464019, -0.577349, -0.577349,  0.577349,  0.181897,  0.598389,  0.780284, -0.795976,  0.555515, -0.240462,  0.788296,  0.349504,  0.000000,  1.000000, 
				 0.195400, -0.511840,  1.367498, -0.577349, -0.577349, -0.577349, -0.221389, -0.569919,  0.791315, -0.785907,  0.584684,  0.201224,  0.785351,  0.353956,  0.000000,  1.000000, 
				 0.280044, -0.511840,  1.367498,  0.577349, -0.577349, -0.577349,  0.542071,  0.799827, -0.257753, -0.610592,  0.164151, -0.774743,  0.788608,  0.371230,  0.000000,  1.000000, 
				 0.195400, -0.399244,  1.464019, -0.577349,  0.577349,  0.577349,  0.547059,  0.798454, -0.251392, -0.606127,  0.170704, -0.776831,  0.800117,  0.343173,  0.000000,  1.000000, 
				 0.051288, -0.310951,  1.467809, -0.838313,  0.479019,  0.260292,  0.534406,  0.627644,  0.566103,  0.107803,  0.613674, -0.782153,  0.805167,  0.207682,  0.000000,  1.000000, 
				 0.097711, -0.417555,  1.233671, -0.633259,  0.008118, -0.773888, -0.726445, -0.351081,  0.590779, -0.266902,  0.936303,  0.228223,  0.787535,  0.231377,  0.000000,  1.000000, 
				 0.158261, -0.556599,  1.308985, -0.220344, -0.940031, -0.260292,  0.172801, -0.300229,  0.938084, -0.959976,  0.161722,  0.228592,  0.776976,  0.251033,  0.000000,  1.000000, 
				 0.111837, -0.449994,  1.543123, -0.425398, -0.469161,  0.773888,  0.347906,  0.704639,  0.618422, -0.835451,  0.532316, -0.136528,  0.793841,  0.225959,  0.000000,  1.000000, 
				 0.261472, -0.219422,  1.467809,  0.220344,  0.940031,  0.260292,  0.181569, -0.301674,  0.935962, -0.958357,  0.158972,  0.237153,  0.822058,  0.246559,  0.000000,  1.000000, 
				 0.097711, -0.417555,  1.233671, -0.633259,  0.008118, -0.773888, -0.018887,  0.999485,  0.025950, -0.773700, -0.031049,  0.632779,  0.787535,  0.231377,  0.000000,  1.000000, 
				 0.051288, -0.310951,  1.467809, -0.838313,  0.479019,  0.260292,  0.488173,  0.447044,  0.749559, -0.242690, -0.755432,  0.608607,  0.805167,  0.207682,  0.000000,  1.000000, 
				 0.307895, -0.326026,  1.233671,  0.425398,  0.469161, -0.773888,  0.048024,  0.842230,  0.536975, -0.903720,  0.265593, -0.335751,  0.807164,  0.274298,  0.000000,  1.000000, 
				 0.261472, -0.219422,  1.467809,  0.220344,  0.940031,  0.260292, -0.100516,  0.287344, -0.952539, -0.970209,  0.183722,  0.157803,  0.822058,  0.246559,  0.000000,  1.000000, 
				 0.368445, -0.465070,  1.308985,  0.838313, -0.479019, -0.260292,  0.426862,  0.873742, -0.233159,  0.339116,  0.084351,  0.936944,  0.795192,  0.289657,  0.000000,  1.000000, 
				 0.307895, -0.326026,  1.233671,  0.425398,  0.469161, -0.773888, -0.869702, -0.024519, -0.492969, -0.250257,  0.882760,  0.397600,  0.807164,  0.274298,  0.000000,  1.000000, 
				 0.322021, -0.358465,  1.543123,  0.633259, -0.008118,  0.773888,  0.237556,  0.953713, -0.184386, -0.736571,  0.300606,  0.605876,  0.809901,  0.261490,  0.000000,  1.000000, 
				 0.368445, -0.465070,  1.308985,  0.838313, -0.479019, -0.260292,  0.325584,  0.822865, -0.465712, -0.437270, -0.305665, -0.845780,  0.795192,  0.289657,  0.000000,  1.000000, 
				 0.158261, -0.556599,  1.308985, -0.220344, -0.940031, -0.260292, -0.027752,  0.272839, -0.961659, -0.975008,  0.204672,  0.086206,  0.776976,  0.251033,  0.000000,  1.000000, 
				-0.000569,  0.898667,  1.128159,  0.000000,  0.862819,  0.505478, -0.784471,  0.313509, -0.535087, -0.620155, -0.396533,  0.676857,  0.663128,  0.101342,  0.000000,  1.000000, 
				 0.465194,  0.260914,  0.279163,  0.560350,  0.327982, -0.760521, -0.595598,  0.797665, -0.094834,  0.575537,  0.506105,  0.642318,  0.537605,  0.471448,  0.000000,  1.000000, 
				-0.002640,  0.521829,  0.279163, -0.001068,  0.647084, -0.762383, -0.902075,  0.328430,  0.279989,  0.431566,  0.688026,  0.583368,  0.718008,  0.494213,  0.000000,  1.000000, 
				 0.791545,  0.449333,  1.128159,  0.746513,  0.435926,  0.502609, -0.363021,  0.899979, -0.241357, -0.557552, -0.002281,  0.830097,  0.456250,  0.280475,  0.000000,  1.000000, 
				-0.003406, -0.898667,  1.128159, -0.001587, -0.862819,  0.505478,  0.981435,  0.095617,  0.166261, -0.191785,  0.496358,  0.846649,  0.026281,  0.420916,  0.000000,  1.000000, 
				 0.465194, -0.260914,  0.279163,  0.560228, -0.328349, -0.760460, -0.291643,  0.781101, -0.552110,  0.775281,  0.531090,  0.341835,  0.409371,  0.524826,  0.000000,  1.000000, 
				 0.791545, -0.449333,  1.128159,  0.746361, -0.436293,  0.502579,  0.605542,  0.758505, -0.240808, -0.276146,  0.484063,  0.830312,  0.299128,  0.368481,  0.000000,  1.000000, 
				-0.002640, -0.521829,  0.279163, -0.001038, -0.647084, -0.762383,  0.034745,  0.761928, -0.646730,  0.999369, -0.027160,  0.021692,  0.329700,  0.741968,  0.000000,  1.000000, 
				 0.664870, -0.376197,  1.104535,  0.176794, -0.101108,  0.979034,  0.675847,  0.735600, -0.046076, -0.715518,  0.669823,  0.198383,  0.286402,  0.333992,  0.000000,  1.000000, 
				 0.664870,  0.376197,  1.104535,  0.176885,  0.101077,  0.979003,  0.219192,  0.965686, -0.139305, -0.959490,  0.239231,  0.148660,  0.439316,  0.256719,  0.000000,  1.000000, 
				-0.000569,  0.752394,  1.104535,  0.000061,  0.212561,  0.977142, -0.355127,  0.913460, -0.198686, -0.934812, -0.346998,  0.075542,  0.615201,  0.087351,  0.000000,  1.000000, 
				-0.003406, -0.752395,  1.104535, -0.000610, -0.212561,  0.977142,  0.922214,  0.377723,  0.082743, -0.386677,  0.901184,  0.195797,  0.047487,  0.362315,  0.000000,  1.000000, 
				 0.436240, -0.251863,  1.440207,  0.618366, -0.364055,  0.696432,  0.586285,  0.803866, -0.100351, -0.523305,  0.470361,  0.710523,  0.255040,  0.229987,  0.000000,  1.000000, 
				-0.001133, -0.503726,  1.440207,  0.000122, -0.722861,  0.690970,  0.919154,  0.272266,  0.284652, -0.393892,  0.635073,  0.664454,  0.094992,  0.210596,  0.000000,  1.000000, 
				-0.003406, -0.752395,  1.104535, -0.000610, -0.212561,  0.977142,  0.922214,  0.377723,  0.082743, -0.386677,  0.901184,  0.195797,  0.047487,  0.362315,  1.000000,  1.000000, 
				 0.664870, -0.376197,  1.104535,  0.176794, -0.101108,  0.979034,  0.675847,  0.735600, -0.046076, -0.715518,  0.669823,  0.198383,  0.286402,  0.333992,  1.000000,  1.000000, 
				 0.436240,  0.251863,  1.440207,  0.618366,  0.363567,  0.696707,  0.117516,  0.833803, -0.539410, -0.777028,  0.415427,  0.472871,  0.374847,  0.172713,  0.000000,  1.000000, 
				-0.000569,  0.752394,  1.104535,  0.000061,  0.212561,  0.977142, -0.355127,  0.913460, -0.198686, -0.934812, -0.346998,  0.075542,  0.615201,  0.087351,  1.000000,  1.000000, 
				-0.001133,  0.503726,  1.440207, -0.000519,  0.722861,  0.690970, -0.191482,  0.678125, -0.709564, -0.981480, -0.132676,  0.138063,  0.460237,  0.029678,  0.000000,  1.000000, 
				 0.664870,  0.376197,  1.104535,  0.176885,  0.101077,  0.979003,  0.219192,  0.965686, -0.139305, -0.959490,  0.239231,  0.148660,  0.439316,  0.256719,  1.000000,  1.000000, 
				 0.142202,  0.264393,  0.246894, -0.560350,  0.614521,  0.555254,  0.460964,  0.788425, -0.407307, -0.688074,  0.027718, -0.725066,  0.858435,  0.662969,  0.000000,  1.000000, 
				 0.117026, -0.125804,  0.004673, -0.724876, -0.016785, -0.688650, -0.135348,  0.983686,  0.118500,  0.675427,  0.179105, -0.715322,  0.723995,  0.594163,  0.000000,  1.000000, 
				 0.117026, -0.125804,  0.277334, -0.701498, -0.041444,  0.711417,  0.064390,  0.990538,  0.121197, -0.709708,  0.130827, -0.692192,  0.739618,  0.674436,  0.000000,  1.000000, 
				 0.142202,  0.264393,  0.007890, -0.557115,  0.596088, -0.578143,  0.430053,  0.802716,  0.413161,  0.710364, -0.018454, -0.703555,  0.851248,  0.584624,  0.000000,  1.000000, 
				 0.198314, -0.114496,  1.636593,  0.418683, -0.242225,  0.875210,  0.510263,  0.859997, -0.006085, -0.751204,  0.449135,  0.483665,  0.243544,  0.132517,  0.000000,  1.000000, 
				 0.198314,  0.114496,  1.636593,  0.418683,  0.242225,  0.875210,  0.264465,  0.889473, -0.372688, -0.868750,  0.387501,  0.308347,  0.306618,  0.103953,  0.000000,  1.000000, 
				-0.001133, -0.228993,  1.636593, -0.000488, -0.484115,  0.874966,  0.744168,  0.584321,  0.323701, -0.667970,  0.651280,  0.359978,  0.168661,  0.105353,  0.000000,  1.000000, 
				-0.001133,  0.228993,  1.636593, -0.000488,  0.484115,  0.874966,  0.130181,  0.867579, -0.479958, -0.991457,  0.113670, -0.063446,  0.332824,  0.029677,  0.000000,  1.000000, 
				-0.001133,  0.000000,  1.707113, -0.000702,  0.000000,  0.999969,  0.431860,  0.901940,  0.000296, -0.901913,  0.431847, -0.000633,  0.243414,  0.050098,  0.000000,  1.000000, 
				 0.461895, -0.667062,  0.194459,  0.546251, -0.646840,  0.532151,  0.481714,  0.762358,  0.432159, -0.685227,  0.020278,  0.728031,  0.596058,  0.796815,  0.000000,  1.000000, 
				 0.524940, -0.125804,  0.004673,  0.724876, -0.016785, -0.688650,  0.013145,  0.999858, -0.010534,  0.688729, -0.001416,  0.724993,  0.759052,  0.858230,  0.000000,  1.000000, 
				 0.524940, -0.125804,  0.277334,  0.701498, -0.041444,  0.711417,  0.064271,  0.997919, -0.005239, -0.709719,  0.049399,  0.702702,  0.754152,  0.784395,  0.000000,  1.000000, 
				 0.461895, -0.667062,  0.006080,  0.539994, -0.607166, -0.582812,  0.267974,  0.780505, -0.564802,  0.797816,  0.148812,  0.584173,  0.597635,  0.855980,  0.000000,  1.000000, 
				 0.499764,  0.264393,  0.246894,  0.560350,  0.614521,  0.555254, -0.419926, -0.367013,  0.830038,  0.713861, -0.698278,  0.052397,  0.945008,  0.846161,  0.000000,  1.000000, 
				 0.142202,  0.264393,  0.007890, -0.557115,  0.596088, -0.578143, -0.049629,  0.671080,  0.739722,  0.828919,  0.440803, -0.344286,  0.879894,  0.960961,  0.000000,  1.000000, 
				 0.142202,  0.264393,  0.246894, -0.560350,  0.614521,  0.555254,  0.323540, -0.454682,  0.829811,  0.762400,  0.644632,  0.055959,  0.953040,  0.955592,  0.000000,  1.000000, 
				 0.499764,  0.264393,  0.007890,  0.557115,  0.596088, -0.578143, -0.253920,  0.785168,  0.564832,  0.790629, -0.167874,  0.588788,  0.871862,  0.851530,  0.000000,  1.000000, 
				 0.180071, -0.667062,  0.194459, -0.546251, -0.646840,  0.532151, -0.272903, -0.463198, -0.843191,  0.791901, -0.605819,  0.076498,  0.528873,  0.940057,  0.000000,  1.000000, 
				 0.461895, -0.667062,  0.194459,  0.546251, -0.646840,  0.532151,  0.406008, -0.351208, -0.843689,  0.732627,  0.676923,  0.070775,  0.537556,  0.850176,  0.000000,  1.000000, 
				 0.180071, -0.667062,  0.006080, -0.539994, -0.607166, -0.582812,  0.054490,  0.665828, -0.744112,  0.839852, -0.433574, -0.326459,  0.588952,  0.945861,  0.000000,  1.000000, 
				 0.117026, -0.125804,  0.004673, -0.724876, -0.016785, -0.688650, -0.013811,  0.999856, -0.009832,  0.688716,  0.002384, -0.725003,  0.760930,  0.977439,  0.000000,  1.000000, 
				 0.180071, -0.667062,  0.194459, -0.546251, -0.646840,  0.532151, -0.286206,  0.741236,  0.607170, -0.787191,  0.179362, -0.590030,  0.584109,  0.709172,  0.000000,  1.000000, 
				 0.499764,  0.264393,  0.246894,  0.560350,  0.614521,  0.555254, -0.390099,  0.787261, -0.477539, -0.730587,  0.050985,  0.680866,  0.867532,  0.776544,  0.000000,  1.000000, 
				 0.180071, -0.667062,  0.006080, -0.539994, -0.607166, -0.582812, -0.696946,  0.710849, -0.094661,  0.471766,  0.355072, -0.807016,  0.567737,  0.653887,  0.000000,  1.000000, 
				 0.825934, -0.085980,  0.827463,  0.498642, -0.671896,  0.547624,  0.577713, -0.213390, -0.787853,  0.646213,  0.709226,  0.281757,  0.150612,  0.832767,  1.000000,  1.000000, 
				 0.613762, -0.133134,  0.665658,  0.811274, -0.220649, -0.541368, -0.122709,  0.841099, -0.526778,  0.571577,  0.493792,  0.655285,  0.176990,  0.913174,  0.000000,  1.000000, 
				 0.768886, -0.085980,  0.648208,  0.039125, -0.663350, -0.747276,  0.371812,  0.703818, -0.605306,  0.927477, -0.254164,  0.274179,  0.199393,  0.869800,  1.000000,  1.000000, 
				 0.708019, -0.132967,  0.910866,  0.964782, -0.222327, -0.140477, -0.171897, -0.129026, -0.976629,  0.199006,  0.966381, -0.162699,  0.116173,  0.865555,  0.000000,  1.000000, 
				 1.015555,  0.073060,  0.600216,  0.442518,  0.544633, -0.712394,  0.891868, -0.350189,  0.286251, -0.093571, -0.762032, -0.640706,  0.174319,  0.714433,  1.000000,  1.000000, 
				 0.825934,  0.102134,  0.827463,  0.457930,  0.696371,  0.552568,  0.888913, -0.366568, -0.274705,  0.011257,  0.616980, -0.786876,  0.117397,  0.781756,  1.000000,  1.000000, 
				 1.054969,  0.073060,  0.724063,  0.772881,  0.544633,  0.325571,  0.626202, -0.571801, -0.530014, -0.102501,  0.613511, -0.782985,  0.185458,  0.748791,  1.000000,  1.000000, 
				 0.768886,  0.102134,  0.648208,  0.006561,  0.686483, -0.727103,  0.984017, -0.133831, -0.117473, -0.177952, -0.714711, -0.676389,  0.104829,  0.726773,  1.000000,  1.000000, 
				 1.054969, -0.056907,  0.724063,  0.772881, -0.544633,  0.325571,  0.181634, -0.301747, -0.935926,  0.607977,  0.782495, -0.134291,  0.206837,  0.778689,  1.000000,  1.000000, 
				 1.015555,  0.073060,  0.600216,  0.442518,  0.544633, -0.712394, -0.304991, -0.655659, -0.690719, -0.843275,  0.522929, -0.124033,  0.215356,  0.727412,  1.000000,  1.000000, 
				 1.015555, -0.056907,  0.600216,  0.442518, -0.544633, -0.712394, -0.896650, -0.258157, -0.359687,  0.011988,  0.797935, -0.602584,  0.236735,  0.757310,  1.000000,  1.000000, 
				 1.015555, -0.056907,  0.600216,  0.442518, -0.544633, -0.712394,  0.220502,  0.836117, -0.502283,  0.869204,  0.065185,  0.490090,  0.237061,  0.801268,  1.000000,  1.000000, 
				 0.768886,  0.102134,  0.648208,  0.006561,  0.686483, -0.727103,  0.435732,  0.652514,  0.619970,  0.900045, -0.320890, -0.294841,  0.254177,  0.887323,  1.000000,  1.000000, 
				 1.015555,  0.073060,  0.600216,  0.442518,  0.544633, -0.712394,  0.053338,  0.777073,  0.627146,  0.895147, -0.315521,  0.314820,  0.272840,  0.815059,  1.000000,  1.000000, 
				 0.708019,  0.132967,  0.910866,  0.965728,  0.230415, -0.119205,  0.173944, -0.915846, -0.361897, -0.192560,  0.328759, -0.924537,  0.076898,  0.798260,  0.000000,  1.000000, 
				 0.613762,  0.133134,  0.665658,  0.797815,  0.228828, -0.557756, -0.093064,  0.960831,  0.261041,  0.595643, -0.156355,  0.787861,  0.250604,  0.932290,  0.000000,  1.000000, 
				 0.613762,  0.133134,  0.665658,  0.797815,  0.228828, -0.557756,  0.559560, -0.625559,  0.543662, -0.224505, -0.745839, -0.627124,  0.060720,  0.726460,  0.000000,  1.000000, 
				 0.613762,  0.133134,  0.665658,  0.797815,  0.228828, -0.557756, -0.417128,  0.877490, -0.236678,  0.435267,  0.421481,  0.795525,  0.454715,  0.401402,  0.000000,  1.000000, 
				 0.708019,  0.132967,  0.910866,  0.965728,  0.230415, -0.119205, -0.259325,  0.870271, -0.418782,  0.007247,  0.435342,  0.900197,  0.424395,  0.352107,  0.000000,  1.000000, 
				 0.613762, -0.133134,  0.665658,  0.811274, -0.220649, -0.541368, -0.104164,  0.856668, -0.505242,  0.575254,  0.466281,  0.672009,  0.400685,  0.431772,  0.000000,  1.000000, 
				 0.708019, -0.132967,  0.910866,  0.964782, -0.222327, -0.140477,  0.121844,  0.851269, -0.510387,  0.233056,  0.475296,  0.848378,  0.374309,  0.380430,  0.000000,  1.000000, 
				-0.466327, -0.260914,  0.279163, -0.560656, -0.327128, -0.760674,  0.291280,  0.782024, -0.550995, -0.775111,  0.530487,  0.343160,  0.409371,  0.524826,  0.000000,  1.000000, 
				-0.792678, -0.449333,  1.128159, -0.746879, -0.435011,  0.502853, -0.604416,  0.759397, -0.240826,  0.277103,  0.483801,  0.830106,  0.299128,  0.368481,  0.000000,  1.000000, 
				-0.614895, -0.133134,  0.665658, -0.811274, -0.220649, -0.541368,  0.104164,  0.856668, -0.505242, -0.575254,  0.466281,  0.672009,  0.400685,  0.431772,  0.000000,  1.000000, 
				-0.709152, -0.132967,  0.910866, -0.964782, -0.222327, -0.140477, -0.121844,  0.851269, -0.510387, -0.233056,  0.475296,  0.848378,  0.374309,  0.380430,  0.000000,  1.000000, 
				-0.709152,  0.132967,  0.910866, -0.965728,  0.230415, -0.119205,  0.259325,  0.870271, -0.418782, -0.007247,  0.435342,  0.900197,  0.424395,  0.352107,  0.000000,  1.000000, 
				-0.792678,  0.449333,  1.128159, -0.746727,  0.435347,  0.502823,  0.362250,  0.900261, -0.241465,  0.557793, -0.001839,  0.829953,  0.456250,  0.280475,  0.000000,  1.000000, 
				-0.614895,  0.133134,  0.665658, -0.797815,  0.228828, -0.557756,  0.417128,  0.877490, -0.236678, -0.435267,  0.421481,  0.795525,  0.454715,  0.401402,  0.000000,  1.000000, 
				-0.466327,  0.260914,  0.279163, -0.560533,  0.327494, -0.760582,  0.593744,  0.799209, -0.093450, -0.577260,  0.503973,  0.642431,  0.537605,  0.471448,  0.000000,  1.000000, 
				-0.827066, -0.085980,  0.827463, -0.498642, -0.671896,  0.547624, -0.577713, -0.213390, -0.787853, -0.646213,  0.709226,  0.281757,  0.150612,  0.832767,  2.000000,  1.000000, 
				-1.056102, -0.056907,  0.724063, -0.772881, -0.544633,  0.325571, -0.181634, -0.301747, -0.935926, -0.607977,  0.782495, -0.134290,  0.206837,  0.778689,  2.000000,  1.000000, 
				-1.016688, -0.056907,  0.600216, -0.442518, -0.544633, -0.712394, -0.220502,  0.836117, -0.502283, -0.869204,  0.065185,  0.490090,  0.237061,  0.801268,  2.000000,  1.000000, 
				-0.770019, -0.085980,  0.648208, -0.039125, -0.663350, -0.747276, -0.371812,  0.703818, -0.605306, -0.927477, -0.254164,  0.274179,  0.199393,  0.869800,  2.000000,  1.000000, 
				-0.614895,  0.133134,  0.665658, -0.797815,  0.228828, -0.557756, -0.559560, -0.625559,  0.543662,  0.224505, -0.745839, -0.627123,  0.060720,  0.726460,  0.000000,  1.000000, 
				-0.827067,  0.102134,  0.827463, -0.457930,  0.696371,  0.552568, -0.888912, -0.366568, -0.274705, -0.011257,  0.616980, -0.786876,  0.117397,  0.781756,  2.000000,  1.000000, 
				-0.709152,  0.132967,  0.910866, -0.965728,  0.230415, -0.119205, -0.173944, -0.915846, -0.361897,  0.192560,  0.328759, -0.924537,  0.076898,  0.798260,  0.000000,  1.000000, 
				-0.770019,  0.102134,  0.648208, -0.006561,  0.686483, -0.727103, -0.984017, -0.133831, -0.117473,  0.177952, -0.714711, -0.676389,  0.104829,  0.726773,  2.000000,  1.000000, 
				-0.614895,  0.133134,  0.665658, -0.797815,  0.228828, -0.557756,  0.093064,  0.960831,  0.261041, -0.595643, -0.156355,  0.787861,  0.250604,  0.932290,  0.000000,  1.000000, 
				-0.614895, -0.133134,  0.665658, -0.811274, -0.220649, -0.541368,  0.122709,  0.841099, -0.526778, -0.571577,  0.493792,  0.655285,  0.176990,  0.913174,  0.000000,  1.000000, 
				-0.770019,  0.102134,  0.648208, -0.006561,  0.686483, -0.727103, -0.435732,  0.652515,  0.619970, -0.900045, -0.320890, -0.294841,  0.254177,  0.887323,  2.000000,  1.000000, 
				-0.709152, -0.132967,  0.910866, -0.964782, -0.222327, -0.140477,  0.171897, -0.129026, -0.976629, -0.199006,  0.966381, -0.162699,  0.116173,  0.865555,  0.000000,  1.000000, 
				-1.056102,  0.073060,  0.724063, -0.772881,  0.544633,  0.325571, -0.626202, -0.571801, -0.530014,  0.102501,  0.613511, -0.782985,  0.185458,  0.748791,  2.000000,  1.000000, 
				-1.016688,  0.073060,  0.600216, -0.442518,  0.544633, -0.712394, -0.053338,  0.777073,  0.627146, -0.895147, -0.315521,  0.314820,  0.272840,  0.815059,  2.000000,  1.000000, 
				-1.016688,  0.073060,  0.600216, -0.442518,  0.544633, -0.712394,  0.304991, -0.655659, -0.690719,  0.843275,  0.522929, -0.124033,  0.215356,  0.727412,  2.000000,  1.000000, 
				-1.016688, -0.056907,  0.600216, -0.442518, -0.544633, -0.712394,  0.896650, -0.258157, -0.359687, -0.011988,  0.797935, -0.602584,  0.236735,  0.757310,  2.000000,  1.000000, 
				-1.016688,  0.073060,  0.600216, -0.442518,  0.544633, -0.712394, -0.891868, -0.350189,  0.286251,  0.093571, -0.762032, -0.640706,  0.174319,  0.714433,  2.000000,  1.000000, 
				-0.181204, -0.667062,  0.194459,  0.546251, -0.646840,  0.532151,  0.286206,  0.741236,  0.607170,  0.787191,  0.179362, -0.590030,  0.584109,  0.709172,  1.000000,  1.000000, 
				-0.118159, -0.125804,  0.004673,  0.724876, -0.016785, -0.688650,  0.135348,  0.983686,  0.118500, -0.675427,  0.179105, -0.715322,  0.723995,  0.594163,  1.000000,  1.000000, 
				-0.118159, -0.125804,  0.277334,  0.701498, -0.041444,  0.711417, -0.064390,  0.990538,  0.121197,  0.709708,  0.130827, -0.692192,  0.739618,  0.674436,  1.000000,  1.000000, 
				-0.181204, -0.667062,  0.006080,  0.539994, -0.607166, -0.582812,  0.696946,  0.710849, -0.094661, -0.471766,  0.355072, -0.807016,  0.567737,  0.653887,  1.000000,  1.000000, 
				-0.500897,  0.264393,  0.246894, -0.560350,  0.614521,  0.555254,  0.390099,  0.787261, -0.477539,  0.730587,  0.050985,  0.680866,  0.867532,  0.776544,  1.000000,  1.000000, 
				-0.526073, -0.125804,  0.004673, -0.724876, -0.016785, -0.688650, -0.013145,  0.999858, -0.010534, -0.688729, -0.001416,  0.724993,  0.759052,  0.858230,  1.000000,  1.000000, 
				-0.526073, -0.125804,  0.277334, -0.701498, -0.041444,  0.711417, -0.064271,  0.997919, -0.005239,  0.709719,  0.049399,  0.702702,  0.754152,  0.784395,  1.000000,  1.000000, 
				-0.500897,  0.264393,  0.007890, -0.557115,  0.596088, -0.578143,  0.253920,  0.785168,  0.564832, -0.790629, -0.167875,  0.588788,  0.871862,  0.851530,  1.000000,  1.000000, 
				-0.143335,  0.264393,  0.007890,  0.557115,  0.596088, -0.578143,  0.049629,  0.671080,  0.739722, -0.828919,  0.440803, -0.344286,  0.879894,  0.960961,  1.000000,  1.000000, 
				-0.118159, -0.125804,  0.004673,  0.724876, -0.016785, -0.688650,  0.013811,  0.999856, -0.009832, -0.688716,  0.002384, -0.725003,  0.760930,  0.977439,  1.000000,  1.000000, 
				-0.143335,  0.264393,  0.246894,  0.560350,  0.614521,  0.555254, -0.460964,  0.788425, -0.407307,  0.688074,  0.027718, -0.725066,  0.858435,  0.662969,  1.000000,  1.000000, 
				-0.463028, -0.667062,  0.194459, -0.546251, -0.646840,  0.532151, -0.481714,  0.762358,  0.432159,  0.685228,  0.020278,  0.728031,  0.596058,  0.796815,  1.000000,  1.000000, 
				-0.463028, -0.667062,  0.006080, -0.539994, -0.607166, -0.582812, -0.267974,  0.780505, -0.564802, -0.797816,  0.148812,  0.584173,  0.597635,  0.855980,  1.000000,  1.000000, 
				-0.181204, -0.667062,  0.006080,  0.539994, -0.607166, -0.582812, -0.054490,  0.665828, -0.744112, -0.839852, -0.433574, -0.326459,  0.588952,  0.945861,  1.000000,  1.000000, 
				-0.181204, -0.667062,  0.194459,  0.546251, -0.646840,  0.532151,  0.272903, -0.463199, -0.843191, -0.791901, -0.605819,  0.076498,  0.528873,  0.940057,  1.000000,  1.000000, 
				-0.463028, -0.667062,  0.194459, -0.546251, -0.646840,  0.532151, -0.406008, -0.351208, -0.843689, -0.732627,  0.676923,  0.070775,  0.537556,  0.850176,  1.000000,  1.000000, 
				-0.001133, -0.228993,  1.636593, -0.000488, -0.484115,  0.874966, -0.742554,  0.586243,  0.323935,  0.669764,  0.649551,  0.359768,  0.168661,  0.105353,  0.000000,  1.000000, 
				-0.001133,  0.000000,  1.707113, -0.000702,  0.000000,  0.999969, -0.429977,  0.902840, -0.000309,  0.902812,  0.429964,  0.000634,  0.243414,  0.050098,  0.000000,  1.000000, 
				-0.199446, -0.114496,  1.636593, -0.419233, -0.242042,  0.874996, -0.508583,  0.860995, -0.005505,  0.752035,  0.447316,  0.484056,  0.243544,  0.132517,  0.000000,  1.000000, 
				-0.199446,  0.114496,  1.636593, -0.419233,  0.242042,  0.874996, -0.264785,  0.889303, -0.372865,  0.868386,  0.388004,  0.308736,  0.306618,  0.103953,  0.000000,  1.000000, 
				-0.500897,  0.264393,  0.246894, -0.560350,  0.614521,  0.555254,  0.419926, -0.367013,  0.830038, -0.713861, -0.698278,  0.052397,  0.945008,  0.846161,  1.000000,  1.000000, 
				-0.143335,  0.264393,  0.246894,  0.560350,  0.614521,  0.555254, -0.323540, -0.454682,  0.829811, -0.762400,  0.644632,  0.055959,  0.953040,  0.955592,  1.000000,  1.000000, 
				-0.001133,  0.228993,  1.636593, -0.000488,  0.484115,  0.874966, -0.130452,  0.867486, -0.480052,  0.991421,  0.114375, -0.062730,  0.332824,  0.029677,  0.000000,  1.000000, 
				-0.437373,  0.251863,  1.440207, -0.618641,  0.363445,  0.696524, -0.117916,  0.833568, -0.539685,  0.776746,  0.416003,  0.472823,  0.374847,  0.172713,  0.000000,  1.000000, 
				-0.001133,  0.503726,  1.440207, -0.000519,  0.722861,  0.690970,  0.192235,  0.678167, -0.709320,  0.981333, -0.132460,  0.139311,  0.460237,  0.029678,  0.000000,  1.000000, 
				-0.001133, -0.503726,  1.440207,  0.000122, -0.722861,  0.690970, -0.918359,  0.273383,  0.286145,  0.395742,  0.634593,  0.663813,  0.094992,  0.210596,  0.000000,  1.000000, 
				-0.437373, -0.251863,  1.440207, -0.618641, -0.362987,  0.696768, -0.585310,  0.804551, -0.100544,  0.524090,  0.470026,  0.710188,  0.255040,  0.229987,  0.000000,  1.000000, 
				-0.143335,  0.264393,  0.007890,  0.557115,  0.596088, -0.578143, -0.430053,  0.802716,  0.413161, -0.710364, -0.018454, -0.703555,  0.851248,  0.584624,  1.000000,  1.000000, 
				-0.666003,  0.376197,  1.104535, -0.177007,  0.101108,  0.978973, -0.219292,  0.965652, -0.139382,  0.959440,  0.239352,  0.148755,  0.439316,  0.256719,  1.000000,  1.000000, 
				-0.666003, -0.376197,  1.104535, -0.177099, -0.101077,  0.978973, -0.674931,  0.736442, -0.046060,  0.716301,  0.668896,  0.198643,  0.286402,  0.333992,  1.000000,  1.000000, 
				-0.000569,  0.752394,  1.104535,  0.000061,  0.212561,  0.977142,  0.355639,  0.913260, -0.198687,  0.934618, -0.347522,  0.075539,  0.615201,  0.087351,  1.000000,  1.000000, 
				-0.003406, -0.752395,  1.104535, -0.000610, -0.212561,  0.977142, -0.921189,  0.380343,  0.082161,  0.389114,  0.900082,  0.196041,  0.047487,  0.362315,  1.000000,  1.000000, 
				-0.666003, -0.376197,  1.104535, -0.177099, -0.101077,  0.978973, -0.674931,  0.736442, -0.046060,  0.716301,  0.668896,  0.198643,  0.286402,  0.333992,  0.000000,  1.000000, 
				-0.003406, -0.898667,  1.128159, -0.001587, -0.862819,  0.505478, -0.981244,  0.098798,  0.165529,  0.192762,  0.495734,  0.846793,  0.026281,  0.420916,  0.000000,  1.000000, 
				-0.003406, -0.752395,  1.104535, -0.000610, -0.212561,  0.977142, -0.921189,  0.380343,  0.082161,  0.389114,  0.900082,  0.196041,  0.047487,  0.362315,  0.000000,  1.000000, 
				-0.666003,  0.376197,  1.104535, -0.177007,  0.101108,  0.978973, -0.219292,  0.965652, -0.139382,  0.959440,  0.239352,  0.148755,  0.439316,  0.256719,  0.000000,  1.000000, 
				-0.000569,  0.898667,  1.128159,  0.000000,  0.862819,  0.505478,  0.783886,  0.313882, -0.535725,  0.620894, -0.396237,  0.676352,  0.663128,  0.101342,  0.000000,  1.000000, 
				-0.000569,  0.752394,  1.104535,  0.000061,  0.212561,  0.977142,  0.355639,  0.913260, -0.198687,  0.934618, -0.347522,  0.075539,  0.615201,  0.087351,  0.000000,  1.000000, 
				-0.002640, -0.521829,  0.279163, -0.001038, -0.647084, -0.762383, -0.033858,  0.761997, -0.646695, -0.999399, -0.025141,  0.022699,  0.329700,  0.741968,  0.000000,  1.000000, 
				-0.002640,  0.521829,  0.279163, -0.001068,  0.647084, -0.762383,  0.901256,  0.330980,  0.279626, -0.433275,  0.686803,  0.583542,  0.718008,  0.494213,  0.000000,  1.000000, 
				-0.052421, -0.310951,  1.467809,  0.838313,  0.479019,  0.260292, -0.534406,  0.627644,  0.566103, -0.107803,  0.613674, -0.782153,  0.805167,  0.207682,  1.000000,  1.000000, 
				-0.323154, -0.358465,  1.543123, -0.633259, -0.008118,  0.773888, -0.237556,  0.953713, -0.184386,  0.736571,  0.300606,  0.605876,  0.809901,  0.261490,  1.000000,  1.000000, 
				-0.112970, -0.449994,  1.543123,  0.425398, -0.469161,  0.773888, -0.347906,  0.704638,  0.618422,  0.835451,  0.532316, -0.136527,  0.793841,  0.225959,  1.000000,  1.000000, 
				-0.262605, -0.219422,  1.467809, -0.220344,  0.940031,  0.260292,  0.100516,  0.287344, -0.952539,  0.970209,  0.183722,  0.157803,  0.822058,  0.246559,  1.000000,  1.000000, 
				-0.309028, -0.326026,  1.233671, -0.425398,  0.469161, -0.773888, -0.048024,  0.842230,  0.536975,  0.903720,  0.265593, -0.335751,  0.807164,  0.274298,  1.000000,  1.000000, 
				-0.159394, -0.556599,  1.308985,  0.220344, -0.940031, -0.260292,  0.027752,  0.272838, -0.961659,  0.975008,  0.204672,  0.086206,  0.776976,  0.251033,  1.000000,  1.000000, 
				-0.369578, -0.465070,  1.308985, -0.838313, -0.479019, -0.260292, -0.325584,  0.822865, -0.465712,  0.437270, -0.305665, -0.845780,  0.795192,  0.289657,  1.000000,  1.000000, 
				-0.098844, -0.417555,  1.233671,  0.633259,  0.008118, -0.773888,  0.018887,  0.999485,  0.025950,  0.773700, -0.031049,  0.632780,  0.787535,  0.231377,  1.000000,  1.000000, 
				-0.159394, -0.556599,  1.308985,  0.220344, -0.940031, -0.260292, -0.172801, -0.300230,  0.938084,  0.959976,  0.161722,  0.228592,  0.776976,  0.251033,  1.000000,  1.000000, 
				-0.369578, -0.465070,  1.308985, -0.838313, -0.479019, -0.260292, -0.426862,  0.873742, -0.233159, -0.339116,  0.084351,  0.936944,  0.795192,  0.289657,  1.000000,  1.000000, 
				-0.309028, -0.326026,  1.233671, -0.425398,  0.469161, -0.773888,  0.869702, -0.024519, -0.492969,  0.250257,  0.882760,  0.397600,  0.807164,  0.274298,  1.000000,  1.000000, 
				-0.262605, -0.219422,  1.467809, -0.220344,  0.940031,  0.260292, -0.181569, -0.301674,  0.935962,  0.958357,  0.158972,  0.237153,  0.822058,  0.246559,  1.000000,  1.000000, 
				-0.052421, -0.310951,  1.467809,  0.838313,  0.479019,  0.260292, -0.488173,  0.447044,  0.749559,  0.242690, -0.755432,  0.608607,  0.805167,  0.207682,  1.000000,  1.000000, 
				-0.098844, -0.417555,  1.233671,  0.633259,  0.008118, -0.773888,  0.726445, -0.351081,  0.590779,  0.266902,  0.936303,  0.228223,  0.787535,  0.231377,  1.000000,  1.000000, 
				-0.196533, -0.399244,  1.464019,  0.577349,  0.577349,  0.577349, -0.547059,  0.798454, -0.251392,  0.606127,  0.170704, -0.776831,  0.800117,  0.343173,  1.000000,  1.000000, 
				-0.281177, -0.399244,  1.464019, -0.577349,  0.577349,  0.577349,  0.102537,  0.752779, -0.650238,  0.810031,  0.316215,  0.493816,  0.802906,  0.360071,  1.000000,  1.000000, 
				-0.196533, -0.511840,  1.464019,  0.577349, -0.577349,  0.577349, -0.181897,  0.598389,  0.780284,  0.795976,  0.555515, -0.240462,  0.788296,  0.349504,  1.000000,  1.000000, 
				-0.281177, -0.511840,  1.464019, -0.577349, -0.577349,  0.577349, -0.514471,  0.806317,  0.291843,  0.634022,  0.128534,  0.762556,  0.791320,  0.365904,  1.000000,  1.000000, 
				-0.281177, -0.511840,  1.367498, -0.577349, -0.577349, -0.577349, -0.542071,  0.799827, -0.257753,  0.610593,  0.164151, -0.774743,  0.788608,  0.371230,  1.000000,  1.000000, 
				-0.196533, -0.399244,  1.367498,  0.577349,  0.577349, -0.577349, -0.553224,  0.796668,  0.243442,  0.600506,  0.178852,  0.779359,  0.797734,  0.347201,  1.000000,  1.000000, 
				-0.196533, -0.511840,  1.367498,  0.577349, -0.577349, -0.577349,  0.072998,  0.740775, -0.667775,  0.813225,  0.343394,  0.469831,  0.785351,  0.353956,  1.000000,  1.000000, 
				-0.281177, -0.399244,  1.367498, -0.577349,  0.577349, -0.577349, -0.186059,  0.595475,  0.781532,  0.795014,  0.558638, -0.236376,  0.800741,  0.365052,  1.000000,  1.000000, 
				-0.281177, -0.511840,  1.367498, -0.577349, -0.577349, -0.577349, -0.763380,  0.632565,  0.130819, -0.289683, -0.516265,  0.805947,  0.788608,  0.371230,  1.000000,  1.000000, 
				-0.196533, -0.511840,  1.367498,  0.577349, -0.577349, -0.577349,  0.221389, -0.569919,  0.791315,  0.785907,  0.584684,  0.201224,  0.785351,  0.353956,  1.000000,  1.000000, 
				-0.281177, -0.399244,  1.367498, -0.577349,  0.577349, -0.577349,  0.816493,  0.408432, -0.408071, -0.000209,  0.707001,  0.707210,  0.800741,  0.365052,  1.000000,  1.000000, 
				-0.281177, -0.399244,  1.464019, -0.577349,  0.577349,  0.577349,  0.247069, -0.550418,  0.797494,  0.778216,  0.603078,  0.175138,  0.802906,  0.360071,  1.000000,  1.000000, 
				-0.196533, -0.399244,  1.464019,  0.577349,  0.577349,  0.577349, -0.756534,  0.644241,  0.112297, -0.307117, -0.501619,  0.808736,  0.800117,  0.343173,  1.000000,  1.000000, 
				-0.196533, -0.511840,  1.464019,  0.577349, -0.577349,  0.577349,  0.794079,  0.232497, -0.561591,  0.190002,  0.782695,  0.592693,  0.788296,  0.349504,  1.000000,  1.000000
			], 
			"parts": [
				{
					"id": "lowpoly_part5", 
					"type": "TRIANGLES", 
					"indices": [
						 28,  29,  30,  29,  28,  31,  32,  33,  34,  33,  32,  35, 
						 35,  29,  33,  29,  35,  30,  31,  36,  34,  36,  31,  37, 
						 37,  28,  38,  28,  37,  31,  36,  39,  32,  32,  34,  36, 
						 72,  73,  74,  73,  72,  75,  76,  77,  78,  77,  76,  79, 
						 80,  81,  78,  81,  80,  82,  83,  84,  85,  84,  83,  74, 
						 78,  77,  80,  77,  72,  80,  77,  86,  72,  86,  75,  72, 
						 74,  87,  84,  87,  74,  73,  88,  77,  79,  77,  88,  86, 
						 72,  83,  80,  83,  72,  74,  31,  89,  29,  89,  31,  90, 
						 91,  33,  89,  89,  33,  29,  34,  90,  31,  90,  34,  92, 
						 34,  91,  92,  34,  33,  91,  93,  94,  95,  94,  96,  95, 
						 94,  97,  96,  97,  94,  98,  99,  100,  93,  99,  93,  95, 
						 98,  99,  97,  99,  98,  100,  101,  102,  103,  103,  104,  101, 
						 105,  106,  107,  106,  105,  108,  104,  109,  110,  109,  104,  111, 
						 101,  107,  106,  112,  107,  101,  102,  106,  113,  106,  102,  101, 
						 103,  111,  104,  111,  103,  114,  102,  113,  115,  102,  115,  116, 
						 106,  117,  113,  117,  106,  108,  101,  110,  112,  110,  101,  104, 
						 150,  151,  152,  94,  151,  150,  153,  154,  98,  154,  153,  155, 
						 98,  94,  153,  153,  94,  150,  156,  100,  157,  100,  156,  93, 
						 151,  94,  93,  151,  93,  156,  154,  100,  98,  100,  154,  157
					]
				}, 
				{
					"id": "lowpoly_part4", 
					"type": "TRIANGLES", 
					"indices": [
						 40,  41,  42,  42,  43,  40,  44,  45,  46,  45,  44,  47, 
						 43,  47,  44,  43,  44,  40,  44,  52,  40,  52,  44,  53, 
						 54,  41,  52,  41,  40,  52,  53,  46,  55,  46,  53,  44, 
						 53,  55,  56,  52,  53,  56,  54,  52,  56,  134,  135,  136, 
						 136,  135,  137,  137,  135,  140,  140,  141,  137,  142,  141,  140, 
						 136,  143,  134,  144,  143,  136,  141,  136,  137,  136,  141,  144, 
						 146,  144,  141,  144,  146,  147,  148,  141,  142,  141,  148,  146, 
						 144,  149,  143,  149,  144,  147
					]
				}, 
				{
					"id": "lowpoly_part3", 
					"type": "TRIANGLES", 
					"indices": [
						  0,   1,   2,   1,   0,   3,   4,   3,   0,   3,   4,   5, 
						  6,   7,   8,   7,   6,   9,  10,   9,   6,   9,  10,  11, 
						 12,   1,   3,  12,   3,   5,  13,  10,   8,   8,  10,   6, 
						 172,  173,  174,  173,  175,  174,  176,  177,  178,  177,  176,  179, 
						 174,  175,  180,  174,  180,  181,  175,  173,  182,  175,  182,  180, 
						 183,  184,  177,  183,  177,  179,  184,  185,  178,  184,  178,  177
					]
				}, 
				{
					"id": "lowpoly_part2", 
					"type": "TRIANGLES", 
					"indices": [
						 14,  15,  16,  14,  16,  17,  18,  19,  20,  19,  18,  21, 
						 22,  23,  24,  23,  22,  25,  16,  25,  17,  25,  16,  23, 
						 19,  26,  27,  26,  19,  21,  14,  25,  22,  25,  14,  17, 
						 158,  159,  160,  159,  158,  161,  162,  163,  164,  163,  162,  165, 
						 159,  166,  160,  166,  159,  167,  161,  167,  159,  167,  161,  168, 
						 169,  170,  165,  165,  162,  169,  158,  166,  171,  166,  158,  160
					]
				}, 
				{
					"id": "lowpoly_part1", 
					"type": "TRIANGLES", 
					"indices": [
						 48,  49,  50,  49,  48,  51,  57,  58,  59,  58,  57,  60, 
						 61,  62,  63,  62,  61,  64,  65,  60,  66,  60,  65,  67, 
						 60,  67,  68,  60,  68,  58,  50,  57,  59,  57,  50,  69, 
						 48,  50,  70,  70,  50,  59,  68,  64,  58,  64,  68,  62, 
						 70,  58,  64,  58,  70,  59,  69,  49,  71,  49,  69,  50, 
						 118,  119,  120,  119,  118,  121,  122,  123,  124,  123,  122,  125, 
						 123,  126,  127,  126,  123,  125,  128,  122,  120,  122,  124,  120, 
						 120,  124,  118,  124,  129,  118,  130,  127,  131,  127,  130,  123, 
						 132,  133,  130,  132,  130,  131,  138,  139,  126,  138,  126,  125, 
						 129,  124,  123,  129,  123,  130,  128,  120,  119,  128,  119,  145
					]
				}
			]
		}
	], 
	"materials": [
		{
			"id": "Material.001", 
			"ambient": [ 0.000000,  0.000000,  0.000000], 
			"diffuse": [ 0.298022,  0.542630,  0.800000], 
			"emissive": [ 0.298022,  0.542630,  0.800000], 
			"opacity":  1.000000, 
			"specular": [ 1.000000,  1.000000,  1.000000], 
			"shininess":  9.607843
		}, 
		{
			"id": "Material.002", 
			"ambient": [ 0.000000,  0.000000,  0.000000], 
			"diffuse": [ 0.800000,  0.203758,  0.034127], 
			"emissive": [ 0.800000,  0.203758,  0.034127], 
			"opacity":  1.000000, 
			"specular": [ 1.000000,  1.000000,  1.000000], 
			"shininess":  9.607843
		}, 
		{
			"id": "eye.black", 
			"ambient": [ 0.000000,  0.000000,  0.000000], 
			"diffuse": [ 0.000000,  0.000000,  0.000000], 
			"emissive": [ 0.000000,  0.000000,  0.000000], 
			"opacity":  1.000000, 
			"specular": [ 1.000000,  1.000000,  1.000000], 
			"shininess":  24.901960
		}, 
		{
			"id": "eye.white", 
			"ambient": [ 0.000000,  0.000000,  0.000000], 
			"diffuse": [ 0.800000,  0.800000,  0.800000], 
			"emissive": [ 0.800000,  0.800000,  0.800000], 
			"opacity":  1.000000, 
			"specular": [ 1.000000,  1.000000,  1.000000], 
			"shininess":  20.000000
		}, 
		{
			"id": "shoes", 
			"ambient": [ 0.000000,  0.000000,  0.000000], 
			"diffuse": [ 0.800000,  0.018460,  0.021122], 
			"emissive": [ 0.800000,  0.018460,  0.021122], 
			"opacity":  1.000000, 
			"specular": [ 1.000000,  1.000000,  1.000000], 
			"shininess":  65.882355
		}
	], 
	"nodes": [
		{
			"id": "skeleton", 
			"rotation": [-0.707107, -0.000000,  0.000000,  0.707107], 
			"children": [
				{
					"id": "body", 
					"rotation": [ 0.674242, -0.000000,  0.000000,  0.738511], 
					"translation": [-0.000000,  0.000000,  0.332458], 
					"children": [
						{
							"id": "arm.l", 
