{
	"version": [  0,   1], 
	"id": "", 
	"meshes": [
		{
			"attributes": ["POSITION", "NORMAL", "TANGENT", "BINORMAL", "TEXCOORD0", "BLENDWEIGHT0"], 
			"vertices": [
				 0.195400, -0.511840,  1.464019, -0.577349, -0.577349,  0.577349, -0.794079,  0.232497, -0.561591, -0.190002,  0.782695,  0.592693,  0.788296,  0.349504,  0.000000,  1.000000, 
				 0.195400, -0.399244,  1.367498, -0.577349,  0.577349, -0.577349,  0.548352,  0.798088,  0.249733, -0.604958,  0.172408,  0.777366,  0.797734,  0.347201,  0.000000,  1.000000, 
				 0.195400, -0.511840,  1.367498, -0.577349, -0.577349, -0.577349, -0.072998,  0.740775, -0.667775, -0.813225,  0.343394,  0.469831,  0.785351,  0.353956,  0.000000,  1.000000, 
				 0.195400, -0.399244,  1.464019, -0.577349,  0.577349,  0.577349,  0.754116,  0.648133,  0.105987,  0.313008, -0.496579,  0.809587,  0.800117,  0.343173,  0.000000,  1.000000, 
				 0.280044, -0.399244,  1.367498,  0.577349,  0.577349, -0.577349,  0.180597,  0.599295,  0.779891, -0.796272,  0.554537, -0.241735,  0.800741,  0.365052,  0.000000,  1.000000, 
				 0.280044, -0.399244,  1.464019,  0.577349,  0.577349,  0.577349, -0.109454,  0.755453, -0.645996, -0.809125,  0.309772,  0.499353,  0.802906,  0.360071,  0.000000,  1.000000, 
				 0.280044, -0.511840,  1.367498,  0.577349, -0.577349, -0.577349,  0.763569,  0.632227,  0.131347,  0.289183, -0.516679,  0.805861,  0.788608,  0.371230,  0.000000,  1.000000, 
				 0.280044, -0.399244,  1.367498,  0.577349,  0.577349, -0.577349, -0.815348,  0.370243, -0.445115, -0.043227,  0.727727,  0.684500,  0.800741,  0.365052,  0.000000,  1.000000, 
				 0.280044, -0.511840,  1.464019,  0.577349, -0.577349,  0.577349,  0.506610,  0.807841,  0.301228, -0.640320,  0.118577,  0.758897,  0.791320,  0.365904,  0.000000,  1.000000, 
				 0.195400, -0.511840,  1.367498, -0.577349, -0.577349, -0.577349, -0.221389, -0.569919,  0.791315, -0.785907,  0.584684,  0.201224,  0.785351,  0.353956,  0.000000,  1.000000, 
				 0.195400, -0.399244,  1.464019, -0.577349,  0.577349,  0.577349,  0.542989,  0.799579, -0.256587, -0.609776,  0.165354, -0.775131,  0.800117,  0.343173,  0.000000,  1.000000, 
				 0.111837, -0.449994,  1.543123, -0.425398, -0.469161,  0.773888,  0.371637,  0.689140,  0.622071, -0.825169,  0.552233, -0.118801,  0.793841,  0.225959,  0.000000,  1.000000, 
				 0.097711, -0.417555,  1.233671, -0.633259,  0.008118, -0.773888, -0.726445, -0.351081,  0.590779, -0.266902,  0.936303,  0.228223,  0.787535,  0.231377,  0.000000,  1.000000, 
				 0.158261, -0.556599,  1.308985, -0.220344, -0.940031, -0.260292,  0.172801, -0.300229,  0.938084, -0.959976,  0.161722,  0.228592,  0.776976,  0.251033,  0.000000,  1.000000, 
				 0.051288, -0.310951,  1.467809, -0.838313,  0.479019,  0.260292,  0.491015,  0.455963,  0.742296, -0.236890, -0.750083,  0.617445,  0.805167,  0.207682,  0.000000,  1.000000, 
				 0.307895, -0.326026,  1.233671,  0.425398,  0.469161, -0.773888,  0.043244,  0.843623,  0.535192, -0.903961,  0.261136, -0.338587,  0.807164,  0.274298,  0.000000,  1.000000, 
				 0.097711, -0.417555,  1.233671, -0.633259,  0.008118, -0.773888, -0.049336,  0.997487,  0.050845, -0.772356, -0.070379,  0.631267,  0.787535,  0.231377,  0.000000,  1.000000, 
				 0.261472, -0.219422,  1.467809,  0.220344,  0.940031,  0.260292, -0.141977,  0.294948, -0.944906, -0.965014,  0.171249,  0.198452,  0.822058,  0.246559,  0.000000,  1.000000, 
				 0.368445, -0.465070,  1.308985,  0.838313, -0.479019, -0.260292,  0.426822,  0.873733, -0.233268,  0.339166,  0.084453,  0.936917,  0.795192,  0.289657,  0.000000,  1.000000, 
				 0.307895, -0.326026,  1.233671,  0.425398,  0.469161, -0.773888, -0.865449, -0.039097, -0.499469, -0.264588,  0.882234,  0.389403,  0.807164,  0.274298,  0.000000,  1.000000, 
				 0.322021, -0.358465,  1.543123,  0.633259, -0.008118,  0.773888,  0.235448,  0.954569, -0.182652, -0.737247,  0.297876,  0.606401,  0.809901,  0.261490,  0.000000,  1.000000, 
				 0.158261, -0.556599,  1.308985, -0.220344, -0.940031, -0.260292, -0.027752,  0.272839, -0.961659, -0.975008,  0.204672,  0.086206,  0.776976,  0.251033,  0.000000,  1.000000, 
				 0.051288, -0.310951,  1.467809, -0.838313,  0.479019,  0.260292,  0.534586,  0.628668,  0.564797,  0.106911,  0.612625, -0.783097,  0.805167,  0.207682,  0.000000,  1.000000, 
				-0.000569,  0.898667,  1.128159,  0.000031,  0.862819,  0.505448, -0.795256,  0.306524, -0.523079, -0.606255, -0.401944,  0.686171,  0.663128,  0.101342,  0.000000,  1.000000, 
				 0.465194,  0.260914,  0.279163,  0.559954,  0.328074, -0.760765, -0.668082,  0.721878, -0.180437,  0.489983,  0.609291,  0.623399,  0.537605,  0.471448,  0.000000,  1.000000, 
				-0.002640,  0.521829,  0.279163, -0.001953,  0.646535, -0.762841, -0.876612,  0.365993,  0.312409,  0.481178,  0.669326,  0.566045,  0.718008,  0.494213,  0.000000,  1.000000, 
				 0.465194, -0.260914,  0.279163,  0.559923, -0.328410, -0.760643,  0.092206,  0.937082, -0.336713,  0.823365,  0.118398,  0.554975,  0.409371,  0.524826,  0.000000,  1.000000, 
				-0.003406, -0.898667,  1.128159, -0.001495, -0.862819,  0.505448,  0.999829, -0.010561, -0.015174,  0.018431,  0.505338,  0.862688,  0.026281,  0.420916,  0.000000,  1.000000, 
				-0.002640, -0.521829,  0.279163, -0.001190, -0.646535, -0.762871,  0.118676,  0.757399, -0.642077,  0.992923, -0.091299,  0.075827,  0.329700,  0.741968,  0.000000,  1.000000, 
				 0.791545,  0.449333,  1.128159,  0.746940,  0.434675,  0.503067, -0.288642,  0.893659, -0.343597, -0.598924,  0.111441,  0.792976,  0.456250,  0.280475,  0.000000,  1.000000, 
				 0.664870, -0.376197,  1.104535,  0.175604, -0.100620,  0.979278,  0.702320,  0.709885, -0.053000, -0.689842,  0.697074,  0.195325,  0.286402,  0.333992,  0.000000,  1.000000, 
				 0.791545, -0.449333,  1.128159,  0.746696, -0.435224,  0.502976,  0.589940,  0.782646, -0.198588, -0.307221,  0.445010,  0.841155,  0.299128,  0.368481,  0.000000,  1.000000, 
				 0.664870,  0.376197,  1.104535,  0.175878,  0.100681,  0.979217,  0.173610,  0.975991, -0.131532, -0.968950,  0.193136,  0.154176,  0.439316,  0.256719,  0.000000,  1.000000, 
				-0.003406, -0.752395,  1.104535, -0.000427, -0.213294,  0.976959,  0.898814,  0.428161,  0.093866, -0.438317,  0.878144,  0.191529,  0.047487,  0.362315,  0.000000,  1.000000, 
				 0.436240, -0.251863,  1.440207,  0.618061, -0.363994,  0.696738,  0.624046,  0.766203, -0.153296, -0.478043,  0.529543,  0.700709,  0.255040,  0.229987,  1.000000,  1.000000, 
				-0.001133, -0.503726,  1.440207,  0.000671, -0.725120,  0.688620,  0.869574,  0.340467,  0.357664, -0.493801,  0.598566,  0.630774,  0.094992,  0.210596,  1.000000,  1.000000, 
				-0.000569,  0.752394,  1.104535,  0.000031,  0.213294,  0.976959, -0.321468,  0.925131, -0.201967, -0.946893, -0.314055,  0.068595,  0.615201,  0.087351,  0.000000,  1.000000, 
				 0.436240,  0.251863,  1.440207,  0.618122,  0.363506,  0.696921,  0.072352,  0.856563, -0.510946, -0.782688,  0.366250,  0.503160,  0.374847,  0.172713,  1.000000,  1.000000, 
				 0.117026, -0.125804,  0.004673, -0.724876, -0.016785, -0.688650, -0.122097,  0.987005,  0.104469,  0.677948,  0.159809, -0.717505,  0.723995,  0.594163,  0.000000,  1.000000, 
				 0.142202,  0.264393,  0.246894, -0.560350,  0.614521,  0.555254,  0.477000,  0.787557, -0.390160, -0.677056,  0.046229, -0.734434,  0.858435,  0.662969,  0.000000,  1.000000, 
				 0.142202,  0.264393,  0.007890, -0.557115,  0.596088, -0.578143,  0.404417,  0.802862,  0.438019,  0.725266,  0.010217, -0.688354,  0.851248,  0.584624,  0.000000,  1.000000, 
				 0.198314, -0.114496,  1.636593,  0.418653, -0.242225,  0.875210,  0.558832,  0.828408, -0.038043, -0.715816,  0.505022,  0.482179,  0.243544,  0.132517,  1.000000,  1.000000, 
				-0.001133, -0.228993,  1.636593, -0.000763, -0.483993,  0.875027,  0.712432,  0.613811,  0.340113, -0.701714,  0.623656,  0.344344,  0.168661,  0.105353,  1.000000,  1.000000, 
				-0.001133,  0.503726,  1.440207, -0.000763,  0.725089,  0.688620, -0.194820,  0.675337, -0.711312, -0.980815, -0.134699,  0.140746,  0.460237,  0.029678,  1.000000,  1.000000, 
				 0.198314,  0.114496,  1.636593,  0.418653,  0.242225,  0.875210,  0.231432,  0.903490, -0.360757, -0.878128,  0.353584,  0.322190,  0.306618,  0.103953,  1.000000,  1.000000, 
				-0.001133,  0.228993,  1.636593, -0.000763,  0.483993,  0.875027,  0.090779,  0.871481, -0.481955, -0.995832,  0.079066, -0.044601,  0.332824,  0.029677,  1.000000,  1.000000, 
				-0.001133,  0.000000,  1.707113, -0.000702,  0.000000,  0.999969,  0.431860,  0.901940,  0.000296, -0.901913,  0.431847, -0.000633,  0.243414,  0.050098,  1.000000,  1.000000, 
				 0.524940, -0.125804,  0.004673,  0.724876, -0.016785, -0.688650,  0.006997,  0.999831, -0.017005,  0.688819,  0.007508,  0.724870,  0.759052,  0.858230,  0.000000,  1.000000, 
				 0.461895, -0.667062,  0.194459,  0.546251, -0.646840,  0.532151,  0.482824,  0.762325,  0.430977, -0.684445,  0.021514,  0.728731,  0.596058,  0.796815,  0.000000,  1.000000, 
				 0.461895, -0.667062,  0.006080,  0.539994, -0.607166, -0.582812,  0.254996,  0.777987, -0.574207,  0.802059,  0.161454,  0.574933,  0.597635,  0.855980,  0.000000,  1.000000, 
				 0.142202,  0.264393,  0.246894, -0.560350,  0.614521,  0.555254,  0.323540, -0.454682,  0.829811,  0.762400,  0.644631,  0.055960,  0.953040,  0.955592,  0.000000,  1.000000, 
				 0.499764,  0.264393,  0.007890,  0.557115,  0.596088, -0.578143, -0.231879,  0.780206,  0.580957,  0.797371, -0.189600,  0.572885,  0.871862,  0.851530,  0.000000,  1.000000, 
				 0.142202,  0.264393,  0.007890, -0.557115,  0.596088, -0.578143, -0.038704,  0.676829,  0.735122,  0.829501,  0.431925, -0.354000,  0.879894,  0.960961,  0.000000,  1.000000, 
				 0.461895, -0.667062,  0.194459,  0.546251, -0.646840,  0.532151,  0.406008, -0.351208, -0.843689,  0.732627,  0.676923,  0.070775,  0.537556,  0.850176,  0.000000,  1.000000, 
				 0.180071, -0.667062,  0.006080, -0.539994, -0.607166, -0.582812,  0.054490,  0.665828, -0.744112,  0.839852, -0.433574, -0.326459,  0.588952,  0.945861,  0.000000,  1.000000, 
				 0.117026, -0.125804,  0.004673, -0.724876, -0.016785, -0.688650, -0.019927,  0.999796, -0.003393,  0.688566,  0.011263, -0.725062,  0.760930,  0.977439,  0.000000,  1.000000, 
				 0.117026, -0.125804,  0.277334, -0.701498, -0.041444,  0.711417,  0.064670,  0.990486,  0.121468, -0.709683,  0.131217, -0.692145,  0.739618,  0.674436,  0.000000,  1.000000, 
				 0.524940, -0.125804,  0.277334,  0.701498, -0.041444,  0.711417,  0.076454,  0.996923, -0.017310, -0.708510,  0.066534,  0.702508,  0.754152,  0.784395,  0.000000,  1.000000, 
				 0.499764,  0.264393,  0.246894,  0.560350,  0.614521,  0.555254, -0.407668,  0.788266, -0.460916, -0.720930,  0.031915,  0.692226,  0.867532,  0.776544,  0.000000,  1.000000, 
				 0.180071, -0.667062,  0.194459, -0.546251, -0.646840,  0.532151, -0.315059,  0.747349,  0.584985, -0.776094,  0.151889, -0.612033,  0.584109,  0.709172,  0.000000,  1.000000, 
				 0.180071, -0.667062,  0.006080, -0.539994, -0.607166, -0.582812, -0.697697,  0.710282, -0.093375,  0.470655,  0.356204, -0.807166,  0.567737,  0.653887,  0.000000,  1.000000, 
				 0.825934, -0.085980,  0.827463,  0.499466, -0.671865,  0.546892,  0.574574, -0.215554, -0.789557,  0.648360,  0.708587,  0.278375,  0.150612,  0.832767,  1.000000,  1.000000, 
				 0.613762, -0.133134,  0.665658,  0.811396, -0.221046, -0.541063, -0.112895,  0.849004, -0.516185,  0.573465,  0.479914,  0.663923,  0.176990,  0.913174,  0.000000,  1.000000, 
				 0.768886, -0.085980,  0.648208,  0.035676, -0.666860, -0.744285,  0.399518,  0.692197, -0.601040,  0.916001, -0.275913,  0.291118,  0.199393,  0.869800,  1.000000,  1.000000, 
				 0.825934,  0.102134,  0.827463,  0.458541,  0.696402,  0.552019,  0.888514, -0.370877, -0.270173,  0.016582,  0.614362, -0.788825,  0.117397,  0.781756,  1.000000,  1.000000, 
				 1.015555,  0.073060,  0.600216,  0.442518,  0.544633, -0.712394,  0.894101, -0.329119,  0.303749, -0.069031, -0.771367, -0.632599,  0.174319,  0.714433,  1.000000,  1.000000, 
				 0.768886,  0.102134,  0.648208,  0.003967,  0.688650, -0.725059,  0.985403, -0.126096, -0.114370, -0.170188, -0.714021, -0.679098,  0.104829,  0.726773,  1.000000,  1.000000, 
				 1.054969,  0.073060,  0.724063,  0.772881,  0.544633,  0.325571,  0.628682, -0.587740, -0.509236, -0.085996,  0.598260, -0.796654,  0.185458,  0.748791,  1.000000,  1.000000, 
				 1.015555, -0.056907,  0.600216,  0.442518, -0.544633, -0.712394, -0.896650, -0.258157, -0.359687,  0.011988,  0.797935, -0.602584,  0.236735,  0.757310,  1.000000,  1.000000, 
				 1.015555,  0.073060,  0.600216,  0.442518,  0.544633, -0.712394, -0.304991, -0.655659, -0.690719, -0.843275,  0.522929, -0.124033,  0.215356,  0.727412,  1.000000,  1.000000, 
				 0.768886,  0.102134,  0.648208,  0.003967,  0.688650, -0.725059,  0.438790,  0.650370,  0.620067,  0.898565, -0.320608, -0.299592,  0.254177,  0.887323,  1.000000,  1.000000, 
				 1.015555, -0.056907,  0.600216,  0.442518, -0.544633, -0.712394,  0.250578,  0.837877, -0.484946,  0.861016,  0.036087,  0.507249,  0.237061,  0.801268,  1.000000,  1.000000, 
				 1.054969, -0.056907,  0.724063,  0.772881, -0.544633,  0.325571,  0.181819, -0.301508, -0.935967,  0.607921,  0.782587, -0.134005,  0.206837,  0.778689,  1.000000,  1.000000, 
				 0.708019,  0.132967,  0.910866,  0.965697,  0.229743, -0.120762,  0.171425, -0.913765, -0.368303, -0.194963,  0.334967, -0.921804,  0.076898,  0.798260,  0.000000,  1.000000, 
				 0.613762,  0.133134,  0.665658,  0.797906,  0.229072, -0.557543, -0.093357,  0.960780,  0.261125,  0.595492, -0.156303,  0.787998,  0.250604,  0.932290,  0.000000,  1.000000, 
				 0.613762,  0.133134,  0.665658,  0.797906,  0.229072, -0.557543,  0.551491, -0.650830,  0.521803, -0.243335, -0.723829, -0.645633,  0.060720,  0.726460,  0.000000,  1.000000, 
				 0.613762,  0.133134,  0.665658,  0.797906,  0.229072, -0.557543, -0.418619,  0.876110, -0.239142,  0.433688,  0.424211,  0.794948,  0.454715,  0.401402,  0.000000,  1.000000, 
				 0.708019,  0.132967,  0.910866,  0.965697,  0.229743, -0.120762, -0.259551,  0.854350, -0.450244, -0.000268,  0.466143,  0.884674,  0.424395,  0.352107,  0.000000,  1.000000, 
				 0.613762, -0.133134,  0.665658,  0.811396, -0.221046, -0.541063, -0.093972,  0.864347, -0.494039,  0.576871,  0.451705,  0.680555,  0.400685,  0.431772,  0.000000,  1.000000, 
				 0.708019, -0.132967,  0.910866,  0.964721, -0.221107, -0.142705,  0.119100,  0.850446, -0.512403,  0.234658,  0.477329,  0.846777,  0.374309,  0.380430,  0.000000,  1.000000, 
				-0.614895, -0.133134,  0.665658, -0.811396, -0.221046, -0.541063,  0.093972,  0.864347, -0.494039, -0.576871,  0.451705,  0.680555,  0.400685,  0.431772,  0.000000,  1.000000, 
				-0.792678, -0.449333,  1.128159, -0.747185, -0.434126,  0.503189, -0.589561,  0.782476, -0.200371,  0.306747,  0.446375,  0.840598,  0.299128,  0.368481,  0.000000,  1.000000, 
				-0.709152, -0.132967,  0.910866, -0.964721, -0.221107, -0.142705, -0.119646,  0.851557, -0.510427, -0.234380,  0.475346,  0.847969,  0.374309,  0.380430,  0.000000,  1.000000, 
				-0.709152,  0.132967,  0.910866, -0.965697,  0.229743, -0.120762,  0.259397,  0.870327, -0.418622, -0.008927,  0.435587,  0.900067,  0.424395,  0.352107,  0.000000,  1.000000, 
				-0.466327,  0.260914,  0.279163, -0.560350,  0.327525, -0.760704,  0.667055,  0.722906, -0.180123, -0.490923,  0.608363,  0.623558,  0.537605,  0.471448,  0.000000,  1.000000, 
				-0.614895,  0.133134,  0.665658, -0.797876,  0.229072, -0.557543,  0.418615,  0.876113, -0.239140, -0.433690,  0.424200,  0.794922,  0.454715,  0.401402,  0.000000,  1.000000, 
				-0.792678,  0.449333,  1.128159, -0.746940,  0.434675,  0.503067,  0.289271,  0.893776, -0.342763,  0.598620,  0.110501,  0.793336,  0.456250,  0.280475,  0.000000,  1.000000, 
				-1.016688, -0.056907,  0.600216, -0.442518, -0.544633, -0.712394, -0.250578,  0.837877, -0.484946, -0.861016,  0.036087,  0.507249,  0.237061,  0.801268,  2.000000,  1.000000, 
				-0.827066, -0.085980,  0.827463, -0.499466, -0.671865,  0.546892, -0.574574, -0.215554, -0.789557, -0.648360,  0.708587,  0.278375,  0.150612,  0.832767,  2.000000,  1.000000, 
				-1.056102, -0.056907,  0.724063, -0.772881, -0.544633,  0.325571, -0.181819, -0.301508, -0.935967, -0.607921,  0.782587, -0.134005,  0.206837,  0.778689,  2.000000,  1.000000, 
				-0.614895,  0.133134,  0.665658, -0.797876,  0.229072, -0.557543, -0.551559, -0.650804,  0.521762,  0.243330, -0.723819, -0.645608,  0.060720,  0.726460,  0.000000,  1.000000, 
				-0.827067,  0.102134,  0.827463, -0.458541,  0.696402,  0.552019, -0.888514, -0.370877, -0.270173, -0.016582,  0.614362, -0.788825,  0.117397,  0.781756,  2.000000,  1.000000, 
				-0.709152,  0.132967,  0.910866, -0.965697,  0.229743, -0.120762, -0.171425, -0.913765, -0.368303,  0.194963,  0.334967, -0.921804,  0.076898,  0.798260,  0.000000,  1.000000, 
				-0.770019, -0.085980,  0.648208, -0.035676, -0.666860, -0.744285, -0.399518,  0.692197, -0.601040, -0.916001, -0.275913,  0.291118,  0.199393,  0.869800,  2.000000,  1.000000, 
				-0.614895,  0.133134,  0.665658, -0.797876,  0.229072, -0.557543,  0.093332,  0.960784,  0.261120, -0.595493, -0.156304,  0.787966,  0.250604,  0.932290,  0.000000,  1.000000, 
				-0.614895, -0.133134,  0.665658, -0.811396, -0.221046, -0.541063,  0.112895,  0.849004, -0.516185, -0.573465,  0.479914,  0.663923,  0.176990,  0.913174,  0.000000,  1.000000, 
				-0.709152, -0.132967,  0.910866, -0.964721, -0.221107, -0.142705,  0.176984, -0.144124, -0.973604, -0.194703,  0.964512, -0.178172,  0.116173,  0.865555,  0.000000,  1.000000, 
				-0.770019,  0.102134,  0.648208, -0.003967,  0.688650, -0.725059, -0.438790,  0.650370,  0.620067, -0.898565, -0.320608, -0.299592,  0.254177,  0.887323,  2.000000,  1.000000, 
				-1.016688, -0.056907,  0.600216, -0.442518, -0.544633, -0.712394,  0.896650, -0.258157, -0.359687, -0.011988,  0.797935, -0.602584,  0.236735,  0.757310,  2.000000,  1.000000, 
				-1.056102,  0.073060,  0.724063, -0.772881,  0.544633,  0.325571, -0.628682, -0.587740, -0.509236,  0.085995,  0.598260, -0.796654,  0.185458,  0.748791,  2.000000,  1.000000, 
				-1.016688,  0.073060,  0.600216, -0.442518,  0.544633, -0.712394,  0.304991, -0.655659, -0.690719,  0.843275,  0.522929, -0.124033,  0.215356,  0.727412,  2.000000,  1.000000, 
				-1.016688,  0.073060,  0.600216, -0.442518,  0.544633, -0.712394, -0.894101, -0.329119,  0.303749,  0.069031, -0.771367, -0.632599,  0.174319,  0.714433,  2.000000,  1.000000, 
				-0.770019,  0.102134,  0.648208, -0.003967,  0.688650, -0.725059, -0.985403, -0.126096, -0.114370,  0.170188, -0.714021, -0.679098,  0.104829,  0.726773,  2.000000,  1.000000, 
				-0.118159, -0.125804,  0.004673,  0.724876, -0.016785, -0.688650,  0.122097,  0.987005,  0.104469, -0.677948,  0.159809, -0.717505,  0.723995,  0.594163,  1.000000,  1.000000, 
				-0.181204, -0.667062,  0.194459,  0.546251, -0.646840,  0.532151,  0.315059,  0.747349,  0.584985,  0.776094,  0.151889, -0.612033,  0.584109,  0.709172,  1.000000,  1.000000, 
				-0.181204, -0.667062,  0.006080,  0.539994, -0.607166, -0.582812,  0.697697,  0.710282, -0.093375, -0.470655,  0.356204, -0.807166,  0.567737,  0.653887,  1.000000,  1.000000, 
				-0.526073, -0.125804,  0.004673, -0.724876, -0.016785, -0.688650, -0.006997,  0.999831, -0.017005, -0.688819,  0.007508,  0.724870,  0.759052,  0.858230,  1.000000,  1.000000, 
				-0.500897,  0.264393,  0.246894, -0.560350,  0.614521,  0.555254,  0.407669,  0.788266, -0.460916,  0.720930,  0.031915,  0.692226,  0.867532,  0.776544,  1.000000,  1.000000, 
				-0.500897,  0.264393,  0.007890, -0.557115,  0.596088, -0.578143,  0.231879,  0.780206,  0.580957, -0.797371, -0.189600,  0.572885,  0.871862,  0.851530,  1.000000,  1.000000, 
				-0.118159, -0.125804,  0.004673,  0.724876, -0.016785, -0.688650,  0.019927,  0.999796, -0.003393, -0.688566,  0.011263, -0.725062,  0.760930,  0.977439,  1.000000,  1.000000, 
				-0.143335,  0.264393,  0.007890,  0.557115,  0.596088, -0.578143,  0.038704,  0.676829,  0.735122, -0.829501,  0.431925, -0.354000,  0.879894,  0.960961,  1.000000,  1.000000, 
				-0.526073, -0.125804,  0.277334, -0.701498, -0.041444,  0.711417, -0.076454,  0.996923, -0.017310,  0.708510,  0.066534,  0.702508,  0.754152,  0.784395,  1.000000,  1.000000, 
				-0.143335,  0.264393,  0.246894,  0.560350,  0.614521,  0.555254, -0.477000,  0.787557, -0.390160,  0.677056,  0.046229, -0.734434,  0.858435,  0.662969,  1.000000,  1.000000, 
				-0.463028, -0.667062,  0.194459, -0.546251, -0.646840,  0.532151, -0.482824,  0.762325,  0.430977,  0.684445,  0.021514,  0.728731,  0.596058,  0.796815,  1.000000,  1.000000, 
				-0.118159, -0.125804,  0.277334,  0.701498, -0.041444,  0.711417, -0.064670,  0.990486,  0.121468,  0.709683,  0.131217, -0.692145,  0.739618,  0.674436,  1.000000,  1.000000, 
				-0.181204, -0.667062,  0.006080,  0.539994, -0.607166, -0.582812, -0.054490,  0.665828, -0.744112, -0.839852, -0.433574, -0.326459,  0.588952,  0.945861,  1.000000,  1.000000, 
				-0.463028, -0.667062,  0.194459, -0.546251, -0.646840,  0.532151, -0.406008, -0.351208, -0.843689, -0.732627,  0.676923,  0.070775,  0.537556,  0.850176,  1.000000,  1.000000, 
				-0.463028, -0.667062,  0.006080, -0.539994, -0.607166, -0.582812, -0.254996,  0.777987, -0.574207, -0.802059,  0.161454,  0.574933,  0.597635,  0.855980,  1.000000,  1.000000, 
				-0.001133, -0.228993,  1.636593, -0.000763, -0.483993,  0.875027, -0.742570,  0.586371,  0.323665,  0.669742,  0.649521,  0.359846,  0.168661,  0.105353,  1.000000,  1.000000, 
				-0.001133,  0.000000,  1.707113, -0.000702,  0.000000,  0.999969, -0.429977,  0.902840, -0.000309,  0.902812,  0.429964,  0.000634,  0.243414,  0.050098,  1.000000,  1.000000, 
				-0.199446, -0.114496,  1.636593, -0.419233, -0.242042,  0.874996, -0.499322,  0.866416,  0.000431,  0.758215,  0.436725,  0.484087,  0.243544,  0.132517,  1.000000,  1.000000, 
				-0.199446,  0.114496,  1.636593, -0.419233,  0.242042,  0.874996, -0.231238,  0.903549, -0.360733,  0.877915,  0.353563,  0.322828,  0.306618,  0.103953,  1.000000,  1.000000, 
				-0.143335,  0.264393,  0.246894,  0.560350,  0.614521,  0.555254, -0.323540, -0.454682,  0.829811, -0.762400,  0.644631,  0.055960,  0.953040,  0.955592,  1.000000,  1.000000, 
				-0.001133,  0.228993,  1.636593, -0.000763,  0.483993,  0.875027, -0.090137,  0.871465, -0.482103,  0.995890,  0.079240, -0.042961,  0.332824,  0.029677,  1.000000,  1.000000, 
				-0.001133,  0.503726,  1.440207, -0.000763,  0.725089,  0.688620,  0.195509,  0.675458, -0.711008,  0.980678, -0.134089,  0.142277,  0.460237,  0.029678,  1.000000,  1.000000, 
				-0.437373,  0.251863,  1.440207, -0.618305,  0.363384,  0.696860, -0.072530,  0.856519, -0.510994,  0.782560,  0.366494,  0.503234,  0.374847,  0.172713,  1.000000,  1.000000, 
				-0.437373, -0.251863,  1.440207, -0.618366, -0.362926,  0.697043, -0.613479,  0.777287, -0.139529,  0.491164,  0.513901,  0.703296,  0.255040,  0.229987,  1.000000,  1.000000, 
				-0.001133, -0.503726,  1.440207,  0.000671, -0.725120,  0.688620, -0.884871,  0.320355,  0.338196,  0.465836,  0.609566,  0.641422,  0.094992,  0.210596,  1.000000,  1.000000, 
				-0.666003,  0.376197,  1.104535, -0.175909,  0.100681,  0.979217, -0.173613,  0.975990, -0.131537,  0.968949,  0.193143,  0.154206,  0.439316,  0.256719,  0.000000,  1.000000, 
				-0.666003, -0.376197,  1.104535, -0.176214, -0.100742,  0.979156, -0.701450,  0.710737, -0.053111,  0.690572,  0.696188,  0.195907,  0.286402,  0.333992,  0.000000,  1.000000, 
				-0.000569,  0.752394,  1.104535,  0.000031,  0.213294,  0.976959,  0.321657,  0.925064, -0.201973,  0.946829, -0.314252,  0.068579,  0.615201,  0.087351,  0.000000,  1.000000, 
				-0.003406, -0.752395,  1.104535, -0.000427, -0.213294,  0.976959, -0.897453,  0.431042,  0.093710,  0.441098,  0.876734,  0.191605,  0.047487,  0.362315,  0.000000,  1.000000, 
				-0.003406, -0.898667,  1.128159, -0.001495, -0.862819,  0.505448, -0.999828, -0.008005, -0.016728, -0.018479,  0.505386,  0.862659,  0.026281,  0.420916,  0.000000,  1.000000, 
				-0.000569,  0.898667,  1.128159,  0.000031,  0.862819,  0.505448,  0.794288,  0.307123, -0.524196,  0.607521, -0.401487,  0.685318,  0.663128,  0.101342,  0.000000,  1.000000, 
				-0.002640, -0.521829,  0.279163, -0.001190, -0.646535, -0.762871, -0.118067,  0.757636, -0.641909, -0.992995, -0.089306,  0.077236,  0.329700,  0.741968,  0.000000,  1.000000, 
				-0.002640,  0.521829,  0.279163, -0.001953,  0.646535, -0.762841,  0.875204,  0.370156,  0.311452, -0.483735,  0.667033,  0.566572,  0.718008,  0.494213,  0.000000,  1.000000, 
				-0.466327, -0.260914,  0.279163, -0.560381, -0.327189, -0.760826, -0.090656,  0.937368, -0.336337, -0.823220,  0.119504,  0.554945,  0.409371,  0.524826,  0.000000,  1.000000, 
				-0.262605, -0.219422,  1.467809, -0.220344,  0.940031,  0.260292,  0.100637,  0.287367, -0.952519,  0.970197,  0.183686,  0.157921,  0.822058,  0.246559,  1.000000,  1.000000, 
				-0.112970, -0.449994,  1.543123,  0.425398, -0.469161,  0.773888, -0.347906,  0.704639,  0.618422,  0.835451,  0.532316, -0.136528,  0.793841,  0.225959,  1.000000,  1.000000, 
				-0.052421, -0.310951,  1.467809,  0.838313,  0.479019,  0.260292, -0.534406,  0.627644,  0.566103, -0.107803,  0.613674, -0.782153,  0.805167,  0.207682,  1.000000,  1.000000, 
				-0.159394, -0.556599,  1.308985,  0.220344, -0.940031, -0.260292,  0.027752,  0.272839, -0.961659,  0.975008,  0.204672,  0.086206,  0.776976,  0.251033,  1.000000,  1.000000, 
				-0.309028, -0.326026,  1.233671, -0.425398,  0.469161, -0.773888, -0.043244,  0.843623,  0.535192,  0.903961,  0.261136, -0.338587,  0.807164,  0.274298,  1.000000,  1.000000, 
				-0.098844, -0.417555,  1.233671,  0.633259,  0.008118, -0.773888,  0.049336,  0.997487,  0.050845,  0.772357, -0.070379,  0.631267,  0.787535,  0.231377,  1.000000,  1.000000, 
				-0.159394, -0.556599,  1.308985,  0.220344, -0.940031, -0.260292, -0.172801, -0.300230,  0.938084,  0.959976,  0.161722,  0.228592,  0.776976,  0.251033,  1.000000,  1.000000, 
				-0.323154, -0.358465,  1.543123, -0.633259, -0.008118,  0.773888, -0.233707,  0.955270, -0.181219,  0.737801,  0.295622,  0.606831,  0.809901,  0.261490,  1.000000,  1.000000, 
				-0.369578, -0.465070,  1.308985, -0.838313, -0.479019, -0.260292, -0.426822,  0.873733, -0.233268, -0.339166,  0.084453,  0.936917,  0.795192,  0.289657,  1.000000,  1.000000, 
				-0.309028, -0.326026,  1.233671, -0.425398,  0.469161, -0.773888,  0.865449, -0.039097, -0.499469,  0.264588,  0.882234,  0.389403,  0.807164,  0.274298,  1.000000,  1.000000, 
				-0.052421, -0.310951,  1.467809,  0.838313,  0.479019,  0.260292, -0.491015,  0.455963,  0.742296,  0.236890, -0.750083,  0.617445,  0.805167,  0.207682,  1.000000,  1.000000, 
				-0.098844, -0.417555,  1.233671,  0.633259,  0.008118, -0.773888,  0.726445, -0.351082,  0.590779,  0.266902,  0.936303,  0.228223,  0.787535,  0.231377,  1.000000,  1.000000, 
				-0.281177, -0.511840,  1.464019, -0.577349, -0.577349,  0.577349, -0.506610,  0.807841,  0.301229,  0.640321,  0.118577,  0.758898,  0.791320,  0.365904,  1.000000,  1.000000, 
				-0.196533, -0.399244,  1.464019,  0.577349,  0.577349,  0.577349, -0.542989,  0.799579, -0.256587,  0.609776,  0.165354, -0.775131,  0.800117,  0.343173,  1.000000,  1.000000, 
				-0.281177, -0.399244,  1.464019, -0.577349,  0.577349,  0.577349,  0.109454,  0.755453, -0.645996,  0.809125,  0.309772,  0.499353,  0.802906,  0.360071,  1.000000,  1.000000, 
				-0.196533, -0.511840,  1.367498,  0.577349, -0.577349, -0.577349,  0.072998,  0.740775, -0.667775,  0.813225,  0.343394,  0.469831,  0.785351,  0.353956,  1.000000,  1.000000, 
				-0.281177, -0.399244,  1.367498, -0.577349,  0.577349, -0.577349, -0.180597,  0.599295,  0.779891,  0.796272,  0.554537, -0.241735,  0.800741,  0.365052,  1.000000,  1.000000, 
				-0.196533, -0.399244,  1.367498,  0.577349,  0.577349, -0.577349, -0.548352,  0.798088,  0.249733,  0.604958,  0.172408,  0.777366,  0.797734,  0.347201,  1.000000,  1.000000, 
				-0.196533, -0.511840,  1.367498,  0.577349, -0.577349, -0.577349,  0.221389, -0.569919,  0.791315,  0.785907,  0.584684,  0.201223,  0.785351,  0.353956,  1.000000,  1.000000, 
				-0.281177, -0.511840,  1.367498, -0.577349, -0.577349, -0.577349, -0.763569,  0.632227,  0.131347, -0.289183, -0.516679,  0.805861,  0.788608,  0.371230,  1.000000,  1.000000, 
				-0.281177, -0.399244,  1.367498, -0.577349,  0.577349, -0.577349,  0.815348,  0.370243, -0.445115,  0.043227,  0.727727,  0.684500,  0.800741,  0.365052,  1.000000,  1.000000, 
				-0.196533, -0.399244,  1.464019,  0.577349,  0.577349,  0.577349, -0.754116,  0.648133,  0.105987, -0.313008, -0.496579,  0.809587,  0.800117,  0.343173,  1.000000,  1.000000, 
				-0.196533, -0.511840,  1.464019,  0.577349, -0.577349,  0.577349,  0.794079,  0.232497, -0.561591,  0.190002,  0.782695,  0.592693,  0.788296,  0.349504,  1.000000,  1.000000, 
				-0.951537,  0.110321,  0.774697,  0.320109,  0.582446,  0.747154,  0.050679,  0.777016, -0.627437, -0.945999,  0.238713,  0.219212,  0.215356,  0.727412,  2.000000,  1.000000, 
				-0.861274, -0.105380,  0.616359,  0.863857, -0.270608, -0.424848, -0.033896,  0.810292, -0.585045,  0.502569,  0.519795,  0.690804,  0.206837,  0.778689,  2.000000,  1.000000, 
				-0.890657,  0.108202,  0.583332,  0.679861,  0.522904, -0.514115, -0.724204,  0.588840, -0.358882,  0.115071,  0.616314,  0.779018,  0.236735,  0.757310,  2.000000,  1.000000, 
				-1.153222,  0.161801,  0.568339, -0.048494,  0.865688, -0.498154,  1.000000,  0.000000,  0.000000, -0.000000,  0.498154,  0.865688,  0.236735,  0.757310,  2.000000,  1.000000, 
				-1.277462,  0.075902,  0.608277, -0.918241,  0.340831,  0.201544,  0.259430,  0.902408, -0.344029,  0.299131,  0.263615,  0.917049,  0.215356,  0.727412,  2.000000,  1.000000, 
				-1.194325,  0.136847,  0.673564, -0.478713,  0.645192,  0.595416,  1.000000,  0.000000,  0.000000, -0.000000, -0.595416,  0.645192,  0.215356,  0.727412,  2.000000,  1.000000, 
				-1.076171, -0.151221,  0.582726, -0.059755, -0.572832, -0.817469,  1.000000,  0.000000,  0.000000, -0.000000,  0.817469, -0.572832,  0.206837,  0.778689,  2.000000,  1.000000, 
				-0.942700, -0.204310,  0.645228,  0.469100, -0.831477, -0.297494,  1.000000,  0.000000,  0.000000, -0.000000,  0.297494, -0.831477,  0.206837,  0.778689,  2.000000,  1.000000, 
				-1.060344, -0.204122,  0.606975, -0.283242, -0.764824, -0.578570,  1.000000,  0.000000,  0.000000, -0.000000,  0.578570, -0.764824,  0.206837,  0.778689,  2.000000,  1.000000, 
				-1.111717, -0.146597,  0.708958, -0.587725, -0.460005,  0.665517,  1.000000,  0.000000,  0.000000,  0.000000, -0.665517, -0.460005,  0.185458,  0.748791,  2.000000,  1.000000, 
				-0.922155, -0.103261,  0.807724,  0.407208, -0.211524,  0.888485,  0.470026,  0.882636, -0.005326, -0.783083,  0.419780,  0.458839,  0.185458,  0.748791,  2.000000,  1.000000, 
				-1.256878,  0.073635,  0.543573, -0.679617,  0.326670, -0.656789,  0.408353,  0.912292,  0.031175, -0.609367,  0.247014,  0.753405,  0.236735,  0.757310,  2.000000,  1.000000, 
				-1.269337, -0.110960,  0.617410, -0.799738, -0.527909,  0.285867, -0.579887,  0.802526, -0.140297,  0.155352,  0.277971,  0.947938,  0.185458,  0.748791,  2.000000,  1.000000, 
				-1.248752, -0.113227,  0.552706, -0.590716, -0.574725, -0.566332, -0.226850,  0.791877, -0.566984, -0.774325,  0.206454,  0.598151,  0.206837,  0.778689,  2.000000,  1.000000, 
				-1.086892, -0.201198,  0.690425, -0.586627, -0.757897,  0.285257,  1.000000,  0.000000,  0.000000,  0.000000, -0.285257, -0.757897,  0.185458,  0.748791,  2.000000,  1.000000, 
				-0.969248, -0.201386,  0.728677,  0.210822, -0.833796,  0.510178,  1.000000,  0.000000,  0.000000,  0.000000, -0.510178, -0.833796,  0.185458,  0.748791,  2.000000,  1.000000, 
				-1.166041,  0.072998,  0.516927,  0.270760,  0.237037, -0.932981,  1.000000,  0.000000,  0.000000, -0.000000,  0.932981,  0.237037,  0.236735,  0.757310,  2.000000,  1.000000, 
				-1.157915, -0.113864,  0.526060,  0.090701, -0.462539, -0.881924,  1.000000,  0.000000,  0.000000, -0.000000,  0.881924, -0.462539,  0.206837,  0.778689,  2.000000,  1.000000, 
				 0.955181,  0.110321,  0.774697, -0.320109,  0.582446,  0.747154, -0.050679,  0.777016, -0.627437,  0.945999,  0.238713,  0.219212,  0.215356,  0.727412,  3.000000,  1.000000, 
				 0.864918, -0.105380,  0.616359, -0.863857, -0.270608, -0.424848,  0.033896,  0.810292, -0.585045, -0.502569,  0.519795,  0.690804,  0.206837,  0.778689,  3.000000,  1.000000, 
				 0.925799, -0.103261,  0.807724, -0.407208, -0.211524,  0.888485, -0.470026,  0.882636, -0.005326,  0.783083,  0.419780,  0.458839,  0.185458,  0.748791,  3.000000,  1.000000, 
				 1.281106,  0.075902,  0.608277,  0.918241,  0.340831,  0.201544, -0.259430,  0.902408, -0.344029, -0.299131,  0.263615,  0.917050,  0.215356,  0.727412,  3.000000,  1.000000, 
				 1.156866,  0.161801,  0.568339,  0.048494,  0.865688, -0.498154,  1.000000,  0.000000,  0.000000, -0.000000,  0.498154,  0.865688,  0.236735,  0.757310,  3.000000,  1.000000, 
				 1.197969,  0.136847,  0.673564,  0.478713,  0.645192,  0.595416,  1.000000,  0.000000,  0.000000, -0.000000, -0.595416,  0.645192,  0.215356,  0.727412,  3.000000,  1.000000, 
				 0.894300,  0.108202,  0.583332, -0.679861,  0.522904, -0.514115,  0.724204,  0.588840, -0.358882, -0.115070,  0.616314,  0.779018,  0.236735,  0.757310,  3.000000,  1.000000, 
				 1.079815, -0.151221,  0.582726,  0.059755, -0.572832, -0.817469,  1.000000,  0.000000,  0.000000, -0.000000,  0.817469, -0.572832,  0.206837,  0.778689,  3.000000,  1.000000, 
				 0.946344, -0.204310,  0.645228, -0.469100, -0.831477, -0.297494,  1.000000,  0.000000,  0.000000, -0.000000,  0.297494, -0.831477,  0.206837,  0.778689,  3.000000,  1.000000, 
				 1.115360, -0.146597,  0.708958,  0.587756, -0.460005,  0.665517,  1.000000,  0.000000,  0.000000,  0.000000, -0.665517, -0.460005,  0.185458,  0.748791,  3.000000,  1.000000, 
				 1.272981, -0.110960,  0.617410,  0.799738, -0.527909,  0.285867,  0.579887,  0.802526, -0.140297, -0.155352,  0.277971,  0.947938,  0.185458,  0.748791,  3.000000,  1.000000, 
				 1.260521,  0.073635,  0.543573,  0.679617,  0.326670, -0.656789, -0.408353,  0.912292,  0.031175,  0.609367,  0.247014,  0.753405,  0.236735,  0.757310,  3.000000,  1.000000, 
				 1.090536, -0.201198,  0.690425,  0.586657, -0.757897,  0.285257,  1.000000,  0.000000,  0.000000,  0.000000, -0.285257, -0.757897,  0.185458,  0.748791,  3.000000,  1.000000, 
				 0.972892, -0.201386,  0.728677, -0.210822, -0.833796,  0.510178,  1.000000,  0.000000,  0.000000,  0.000000, -0.510178, -0.833796,  0.185458,  0.748791,  3.000000,  1.000000, 
				 1.169684,  0.072998,  0.516927, -0.270760,  0.237037, -0.932981,  1.000000,  0.000000,  0.000000, -0.000000,  0.932981,  0.237037,  0.236735,  0.757310,  3.000000,  1.000000, 
				 1.161559, -0.113864,  0.526060, -0.090701, -0.462539, -0.881924,  1.000000,  0.000000,  0.000000, -0.000000,  0.881924, -0.462539,  0.206837,  0.778689,  3.000000,  1.000000, 
				 1.252396, -0.113227,  0.552706,  0.590716, -0.574725, -0.566332,  0.226850,  0.791877, -0.566984,  0.774325,  0.206454,  0.598151,  0.206837,  0.778689,  3.000000,  1.000000, 
				 0.280044, -0.399244,  1.464019,  0.577349,  0.577349,  0.577349, -0.219336, -0.571444,  0.790787, -0.786483,  0.583194,  0.203289,  0.802906,  0.360071,  0.000000,  1.000000, 
				 0.195400, -0.511840,  1.464019, -0.577349, -0.577349,  0.577349,  0.189364,  0.593146,  0.782508, -0.794233,  0.561110, -0.233123,  0.788296,  0.349504,  0.000000,  1.000000, 
				 0.280044, -0.511840,  1.367498,  0.577349, -0.577349, -0.577349,  0.542071,  0.799827, -0.257753, -0.610592,  0.164151, -0.774743,  0.788608,  0.371230,  0.000000,  1.000000, 
				 0.261472, -0.219422,  1.467809,  0.220344,  0.940031,  0.260292,  0.264888, -0.314448,  0.911569, -0.938751,  0.131910,  0.318289,  0.822058,  0.246559,  0.000000,  1.000000, 
				 0.368445, -0.465070,  1.308985,  0.838313, -0.479019, -0.260292,  0.325584,  0.822865, -0.465712, -0.437270, -0.305665, -0.845780,  0.795192,  0.289657,  0.000000,  1.000000, 
				 0.499764,  0.264393,  0.246894,  0.560350,  0.614521,  0.555254, -0.419926, -0.367013,  0.830038,  0.713861, -0.698278,  0.052397,  0.945008,  0.846161,  0.000000,  1.000000, 
				 0.180071, -0.667062,  0.194459, -0.546251, -0.646840,  0.532151, -0.272903, -0.463198, -0.843191,  0.791901, -0.605819,  0.076498,  0.528873,  0.940057,  0.000000,  1.000000, 
				 0.708019, -0.132967,  0.910866,  0.964721, -0.221107, -0.142705, -0.176984, -0.144124, -0.973604,  0.194703,  0.964512, -0.178172,  0.116173,  0.865555,  0.000000,  1.000000, 
				 1.015555,  0.073060,  0.600216,  0.442518,  0.544633, -0.712394,  0.053338,  0.777073,  0.627146,  0.895147, -0.315521,  0.314820,  0.272840,  0.815059,  1.000000,  1.000000, 
				-1.016688,  0.073060,  0.600216, -0.442518,  0.544633, -0.712394, -0.053338,  0.777073,  0.627146, -0.895147, -0.315521,  0.314820,  0.272840,  0.815059,  2.000000,  1.000000, 
				-0.181204, -0.667062,  0.194459,  0.546251, -0.646840,  0.532151,  0.272903, -0.463199, -0.843191, -0.791901, -0.605819,  0.076498,  0.528873,  0.940057,  1.000000,  1.000000, 
				-0.500897,  0.264393,  0.246894, -0.560350,  0.614521,  0.555254,  0.419926, -0.367013,  0.830038, -0.713861, -0.698278,  0.052397,  0.945008,  0.846161,  1.000000,  1.000000, 
				-0.143335,  0.264393,  0.007890,  0.557115,  0.596088, -0.578143, -0.404417,  0.802861,  0.438019, -0.725266,  0.010217, -0.688354,  0.851248,  0.584624,  1.000000,  1.000000, 
				-0.369578, -0.465070,  1.308985, -0.838313, -0.479019, -0.260292, -0.325584,  0.822865, -0.465712,  0.437270, -0.305665, -0.845780,  0.795192,  0.289657,  1.000000,  1.000000, 
				-0.262605, -0.219422,  1.467809, -0.220344,  0.940031,  0.260292, -0.264888, -0.314448,  0.911569,  0.938751,  0.131910,  0.318289,  0.822058,  0.246559,  1.000000,  1.000000, 
				-0.196533, -0.511840,  1.464019,  0.577349, -0.577349,  0.577349, -0.189364,  0.593146,  0.782508,  0.794233,  0.561110, -0.233123,  0.788296,  0.349504,  1.000000,  1.000000, 
				-0.281177, -0.511840,  1.367498, -0.577349, -0.577349, -0.577349, -0.542071,  0.799827, -0.257753,  0.610593,  0.164151, -0.774743,  0.788608,  0.371230,  1.000000,  1.000000, 
				-0.281177, -0.399244,  1.464019, -0.577349,  0.577349,  0.577349,  0.219336, -0.571444,  0.790787,  0.786483,  0.583194,  0.203289,  0.802906,  0.360071,  1.000000,  1.000000, 
				 1.063987, -0.204122,  0.606975,  0.283242, -0.764855, -0.578570,  1.000000,  0.000000,  0.000000, -0.000000,  0.578570, -0.764855,  0.206837,  0.778689,  3.000000,  1.000000
			], 
			"parts": [
				{
					"id": "lowpoly_part5", 
					"type": "TRIANGLES", 
					"indices": [
						 23,  24,  25,  26,  27,  28,  24,  28,  25,  29,  30,  31, 
						 23,  32,  29,  27,  30,  33,  61,  62,  63,  64,  65,  66, 
						 67,  68,  69,  70,  71,  63,  64,  72,  67,  73,  61,  64, 
						 74,  63,  62,  75,  64,  66,  71,  61,  63,  76,  29,  77, 
						 78,  24,  76,  79,  29,  31,  78,  31,  26,  80,  81,  82, 
						 81,  83,  82,  84,  80,  85,  86,  85,  83,  87,  88,  89, 
						 90,  91,  92,  93,  94,  95,  92,  88,  96,  91,  89,  88, 
						 87,  97,  93,  98,  99,  100,  101,  91,  102,  95,  88,  93, 
						 132,  129,  81,  128,  133,  86,  129,  86,  81,  134,  84,  135, 
						 136,  132,  81,  84,  133,  135,  23,  29,  24,  26,  31,  27, 
						 24,  26,  28,  29,  32,  30,  23,  36,  32,  27,  31,  30, 
