{
	"version": [  0,   1], 
	"id": "", 
	"meshes": [
		{
			"attributes": ["POSITION", "NORMAL", "TANGENT", "BINORMAL", "TEXCOORD0"], 
			"vertices": [
				 1.551122,  15.954181,  3.345009,  0.071108,  0.724326,  0.685751,  0.997469, -0.051638, -0.048885, -0.000002, -0.687491,  0.726165,  0.384429,  0.550855, 
				 1.551122,  15.954183, -1.000001,  0.097690,  0.995209,  0.000000,  0.995217, -0.097689,  0.000001, -0.000001,  0.000000,  0.999992,  0.384429,  0.653900, 
				-1.551109,  15.954186,  3.345006,  0.000000,  0.729362,  0.684072,  1.000000, -0.000001,  0.000001, -0.000001, -0.684072,  0.729362,  0.309565,  0.550855, 
				-1.551108,  15.954185, -1.000002,  0.000000,  0.999969,  0.000000,  1.000000, -0.000000,  0.000000, -0.000000, -0.000000,  0.999969,  0.309565,  0.653900, 
				-1.551109,  15.954186,  3.345006,  0.000000,  0.729362,  0.684072,  1.000000, -0.000001,  0.000002, -0.000002, -0.684072,  0.729362,  0.425526,  0.971289, 
				-1.304719,  13.435902,  3.345007,  0.000000,  0.685476,  0.728050,  1.000000, -0.000001,  0.000001, -0.000002, -0.728050,  0.685476,  0.425526,  0.798448, 
				 1.551122,  15.954181,  3.345009,  0.071108,  0.724326,  0.685751,  0.997469, -0.051637, -0.048885, -0.000001, -0.687491,  0.726165,  0.557887,  0.971289, 
				 1.304731,  13.435900,  3.345008,  0.066744,  0.680441,  0.729728,  0.997770, -0.045517, -0.048813, -0.000001, -0.731359,  0.681961,  0.557887,  0.798448, 
				 1.304732,  13.435900,  8.882238,  0.071047,  0.724326,  0.685751,  0.997473, -0.051592, -0.048843, -0.000001, -0.687488,  0.726162,  0.569449,  0.297312, 
				 1.304731,  13.435900,  3.345008,  0.066744,  0.680441,  0.729728,  0.997770, -0.045517, -0.048813, -0.000001, -0.731359,  0.681961,  0.569449,  0.403044, 
				-1.304719,  13.435902,  8.882236,  0.000000,  0.729362,  0.684072,  1.000000, -0.000001,  0.000001, -0.000001, -0.684072,  0.729362,  0.402798,  0.297312, 
				-1.304719,  13.435902,  3.345007,  0.000000,  0.685476,  0.728050,  1.000000, -0.000001,  0.000000, -0.000001, -0.728050,  0.685476,  0.402798,  0.403044, 
				-1.304719,  13.435902,  8.882236,  0.000000,  0.729362,  0.684072,  1.000000, -0.000001,  0.000001, -0.000001, -0.684072,  0.729362,  0.462601,  0.315467, 
				-1.103262,  11.376866,  8.882238,  0.000000,  0.685476,  0.728050,  1.000000, -0.000001,  0.000001, -0.000001, -0.728050,  0.685476,  0.462601,  0.237993, 
				 1.304732,  13.435900,  8.882238,  0.071047,  0.724326,  0.685751,  0.997473, -0.051592, -0.048843, -0.000001, -0.687488,  0.726162,  0.487955,  0.315467, 
				 1.103274,  11.376864,  8.882238,  0.066683,  0.680441,  0.729728,  0.997774, -0.045475, -0.048769, -0.000001, -0.731356,  0.681959,  0.487955,  0.237993, 
				-0.878161,  9.076163,  17.063375,  0.000000,  0.729392,  0.684072,  1.000000, -0.000001,  0.000001, -0.000001, -0.684072,  0.729392,  0.660370,  0.029221, 
				 0.878171,  9.076161,  17.063375,  0.070894,  0.724448,  0.685629,  0.997484, -0.051489, -0.048729, -0.000001, -0.687358,  0.726276,  0.724027,  0.029221, 
				 0.878171,  9.076161,  14.084178,  0.066652,  0.680990,  0.729240,  0.997776, -0.045492, -0.048713, -0.000001, -0.730865,  0.682508,  0.724027,  0.191885, 
				-0.878161,  9.076163,  14.084177,  0.000000,  0.685995,  0.727592,  1.000000, -0.000001,  0.000001, -0.000001, -0.727592,  0.685995,  0.660370,  0.191885, 
				-0.878161,  9.076163,  17.063375,  0.000000,  0.729392,  0.684072,  1.000000, -0.000001,  0.000001, -0.000001, -0.684072,  0.729392,  0.507494,  0.198337, 
				-0.000162,  0.111453,  17.063375,  0.000000,  0.000000,  1.000000,  1.000000, -0.000000,  0.000000, -0.000000, -1.000000,  0.000000,  0.586162,  0.112460, 
				 0.878171,  9.076161,  17.063375,  0.070894,  0.724448,  0.685629,  0.997484, -0.051489, -0.048729, -0.000001, -0.687358,  0.726276,  0.672620,  0.198337, 
				 0.000166,  0.111453,  17.063375,  0.000000,  0.000000,  1.000000,  1.000000,  0.000000,  0.000000, -0.000000, -1.000000, -0.000000,  0.593951,  0.112460, 
				-1.103262,  11.376866,  14.081237,  0.000000,  0.729789,  0.683645,  1.000000, -0.000001,  0.000001, -0.000001, -0.683645,  0.729789,  0.265181,  0.310496, 
				-0.878161,  9.076163,  14.084177,  0.000000,  0.685995,  0.727592,  1.000000, -0.000001,  0.000001, -0.000001, -0.727592,  0.685995,  0.265181,  0.266812, 
				 1.103274,  11.376864,  14.081238,  0.071017,  0.724723,  0.685354,  0.997475, -0.051598, -0.048794, -0.000001, -0.687089,  0.726558,  0.326542,  0.310496, 
				 0.878171,  9.076161,  14.084178,  0.066652,  0.680990,  0.729240,  0.997776, -0.045492, -0.048713, -0.000001, -0.730865,  0.682508,  0.326542,  0.266812, 
				 1.103274,  11.376864,  14.081238,  0.071017,  0.724723,  0.685354,  0.997475, -0.051598, -0.048794, -0.000001, -0.687089,  0.726558,  0.791113,  0.298959, 
				 1.103274,  11.376864,  8.882238,  0.066683,  0.680441,  0.729728,  0.997774, -0.045476, -0.048768, -0.000001, -0.731356,  0.681959,  0.791113,  0.784390, 
				-1.103262,  11.376866,  14.081237,  0.000000,  0.729789,  0.683645,  1.000000, -0.000001,  0.000001, -0.000001, -0.683645,  0.729789,  0.634238,  0.298959, 
				-1.103262,  11.376866,  8.882238,  0.000000,  0.685476,  0.728050,  1.000000, -0.000000,  0.000000, -0.000001, -0.728050,  0.685476,  0.634238,  0.784390, 
				 4.662323,  15.337383, -1.000000,  0.291116,  0.956664,  0.000000,  0.956687, -0.291118,  0.000000, -0.000000,  0.000000,  0.999977,  0.384429,  0.653900, 
				 1.551122,  15.954181,  3.345009,  0.071108,  0.724326,  0.685751,  0.988468, -0.143325,  0.048885, -0.133694, -0.674366,  0.726165,  0.309565,  0.550855, 
				 4.662323,  15.337383,  3.345009,  0.211982,  0.696646,  0.685354,  0.968094, -0.245591, -0.049792, -0.133629, -0.674042,  0.726480,  0.384429,  0.550855, 
				 1.551122,  15.954183, -1.000001,  0.097690,  0.995209,  0.000000,  0.995217, -0.097692,  0.000000, -0.000000,  0.000000,  0.999992,  0.309565,  0.653900, 
				 1.551122,  15.954181,  3.345009,  0.071108,  0.724326,  0.685751,  0.988476, -0.143283,  0.048840, -0.133633, -0.674375,  0.726168,  0.425526,  0.971289, 
				 3.925593,  12.916703,  3.345011,  0.198859,  0.653615,  0.730216,  0.969642, -0.239412, -0.049762, -0.142297, -0.717944,  0.681382,  0.557887,  0.798448, 
				 4.662323,  15.337383,  3.345009,  0.211982,  0.696646,  0.685354,  0.968094, -0.245591, -0.049792, -0.133629, -0.674042,  0.726480,  0.557887,  0.971289, 
				 1.304731,  13.435900,  3.345008,  0.066744,  0.680441,  0.729728,  0.987596, -0.149236,  0.048823, -0.142122, -0.717418,  0.681961,  0.425526,  0.798448, 
				 3.925593,  12.916705,  8.882242,  0.211951,  0.696646,  0.685354,  0.968114, -0.245503, -0.049843, -0.133534, -0.674065,  0.726467,  0.569449,  0.297312, 
				 3.925593,  12.916703,  3.345011,  0.198859,  0.653615,  0.730216,  0.969652, -0.239362, -0.049809, -0.142230, -0.717961,  0.681378,  0.569449,  0.403044, 
				 1.304732,  13.435900,  8.882238,  0.071047,  0.724326,  0.685751,  0.988485, -0.143215,  0.048855, -0.133597, -0.674383,  0.726161,  0.402798,  0.297312, 
				 1.304731,  13.435900,  3.345008,  0.066744,  0.680441,  0.729728,  0.987596, -0.149236,  0.048823, -0.142122, -0.717418,  0.681961,  0.402798,  0.403044, 
				 1.304732,  13.435900,  8.882238,  0.071047,  0.724326,  0.685751,  0.988495, -0.143166,  0.048802, -0.133525, -0.674394,  0.726164,  0.462601,  0.315467, 
				 3.323218,  10.937473,  8.882243,  0.198798,  0.653584,  0.730247,  0.969669, -0.239295, -0.049798, -0.142197, -0.717998,  0.681332,  0.487955,  0.237993, 
				 3.925593,  12.916705,  8.882242,  0.211951,  0.696646,  0.685354,  0.968113, -0.245503, -0.049843, -0.133534, -0.674065,  0.726467,  0.487955,  0.315467, 
				 1.103274,  11.376864,  8.882238,  0.066683,  0.680441,  0.729728,  0.987617, -0.149109,  0.048784, -0.142003, -0.717439,  0.681958,  0.462601,  0.237993, 
				 0.878171,  9.076161,  17.063375,  0.070894,  0.724448,  0.685629,  0.988539, -0.142880,  0.048747, -0.133277, -0.674315,  0.726275,  0.660370,  0.029221, 
				 2.650141,  8.725935,  17.063377,  0.212012,  0.697165,  0.684835,  0.968155, -0.245309, -0.049995, -0.133142, -0.673626,  0.726972,  0.724027,  0.029221, 
				 2.650141,  8.725937,  14.084180,  0.198889,  0.654012,  0.729820,  0.969702, -0.239127, -0.049966, -0.141841, -0.717645,  0.681756,  0.724027,  0.191885, 
				 0.878171,  9.076161,  14.084178,  0.066652,  0.680990,  0.729240,  0.987661, -0.148837,  0.048715, -0.141713, -0.716995,  0.682508,  0.660370,  0.191885, 
				 0.878171,  9.076161,  17.063375,  0.070894,  0.724448,  0.685629,  0.988539, -0.142880,  0.048748, -0.133278, -0.674315,  0.726275,  0.507494,  0.198337, 
				 0.015606,  0.127315,  17.063375,  0.000000,  0.000000,  0.999969,  0.982813, -0.184602, -0.000000, -0.184597, -0.982783,  0.000000,  0.593951,  0.112460, 
				 2.650141,  8.725935,  17.063377,  0.212012,  0.697165,  0.684835,  0.968155, -0.245308, -0.049996, -0.133140, -0.673627,  0.726972,  0.672620,  0.198337, 
				 0.014194,  0.127580,  17.063377,  0.000000,  0.000000,  1.000000,  0.982601, -0.185730,  0.000000, -0.185730, -0.982601,  0.000000,  0.586162,  0.112460, 
				 1.103274,  11.376864,  14.081238,  0.071017,  0.724723,  0.685354,  0.988527, -0.142966,  0.048745, -0.133309, -0.674029,  0.726561,  0.265181,  0.310496, 
				 2.650141,  8.725937,  14.084180,  0.198889,  0.654012,  0.729820,  0.969685, -0.239212, -0.049885, -0.141956, -0.717617,  0.681762,  0.326542,  0.266812, 
				 3.323218,  10.937473,  14.081244,  0.212043,  0.697073,  0.684896,  0.968121, -0.245463, -0.049896, -0.133336, -0.673643,  0.726900,  0.326542,  0.310496, 
				 0.878171,  9.076161,  14.084178,  0.066652,  0.680990,  0.729240,  0.987661, -0.148837,  0.048715, -0.141713, -0.716995,  0.682508,  0.265181,  0.266812, 
				 3.323218,  10.937473,  14.081244,  0.212043,  0.697073,  0.684896,  0.968121, -0.245463, -0.049896, -0.133336, -0.673643,  0.726900,  0.791113,  0.298959, 
				 3.323218,  10.937473,  8.882243,  0.198798,  0.653584,  0.730247,  0.969681, -0.239237, -0.049854, -0.142118, -0.718017,  0.681328,  0.791113,  0.784390, 
				 1.103274,  11.376864,  14.081238,  0.071017,  0.724723,  0.685354,  0.988513, -0.143034,  0.048818, -0.133409, -0.674015,  0.726556,  0.634238,  0.298959, 
				 1.103274,  11.376864,  8.882238,  0.066683,  0.680441,  0.729728,  0.987617, -0.149109,  0.048784, -0.142003, -0.717439,  0.681958,  0.634238,  0.784390, 
				 7.605233,  14.110179,  3.345008,  0.345073,  0.641011,  0.685568,  0.900521, -0.432005, -0.049336, -0.264544, -0.634393,  0.726317,  0.384429,  0.550855, 
				 4.662323,  15.337383, -1.000000,  0.291116,  0.956664,  0.000000,  0.956684, -0.291127, -0.000000,  0.000000, -0.000000,  0.999977,  0.309565,  0.653900, 
				 4.662323,  15.337383,  3.345009,  0.211982,  0.696646,  0.685354,  0.940804, -0.335274,  0.049801, -0.264475, -0.634227,  0.726479,  0.309565,  0.550855, 
				 7.605232,  14.110181, -1.000001,  0.473983,  0.880520,  0.000000,  0.880532, -0.473987, -0.000000,  0.000000, -0.000000,  0.999988,  0.384429,  0.653900, 
				 6.405280,  11.882496,  3.345008,  0.323954,  0.601794,  0.729972,  0.903179, -0.426426, -0.049269, -0.281630, -0.675257,  0.681671,  0.557887,  0.798448, 
				 7.605233,  14.110179,  3.345008,  0.345073,  0.641011,  0.685568,  0.900514, -0.432021, -0.049318, -0.264566, -0.634382,  0.726318,  0.557887,  0.971289, 
				 3.925593,  12.916703,  3.345011,  0.198859,  0.653615,  0.730216,  0.938664, -0.341219,  0.049797, -0.281711, -0.675525,  0.681379,  0.425526,  0.798448, 
				 4.662323,  15.337383,  3.345009,  0.211982,  0.696646,  0.685354,  0.940804, -0.335274,  0.049801, -0.264475, -0.634227,  0.726479,  0.425526,  0.971289, 
				 6.405281,  11.882498,  8.882240,  0.345073,  0.640980,  0.685568,  0.900507, -0.432036, -0.049316, -0.264580, -0.634376,  0.726291,  0.569449,  0.297312, 
				 3.925593,  12.916703,  3.345011,  0.198859,  0.653615,  0.730216,  0.938656, -0.341238,  0.049816, -0.281738, -0.675516,  0.681378,  0.402798,  0.403044, 
				 3.925593,  12.916705,  8.882242,  0.211951,  0.696646,  0.685354,  0.940799, -0.335280,  0.049849, -0.264513, -0.634215,  0.726467,  0.402798,  0.297312, 
				 6.405280,  11.882496,  3.345008,  0.323954,  0.601794,  0.729972,  0.903179, -0.426426, -0.049269, -0.281630, -0.675257,  0.681671,  0.569449,  0.403044, 
				 5.424158,  10.061066,  8.882238,  0.323985,  0.601794,  0.729942,  0.903156, -0.426477, -0.049255, -0.281662, -0.675209,  0.681686,  0.487955,  0.237993, 
				 6.405281,  11.882498,  8.882240,  0.345073,  0.640980,  0.685568,  0.900499, -0.432054, -0.049294, -0.264606, -0.634363,  0.726292,  0.487955,  0.315467, 
				 3.323218,  10.937473,  8.882243,  0.198798,  0.653584,  0.730247,  0.938659, -0.341222,  0.049861, -0.281765, -0.675541,  0.681327,  0.462601,  0.237993, 
				 3.925593,  12.916705,  8.882242,  0.211951,  0.696646,  0.685354,  0.940799, -0.335280,  0.049849, -0.264513, -0.634215,  0.726467,  0.462601,  0.315467, 
				 4.327881,  8.025854,  17.063377,  0.345256,  0.641255,  0.685232,  0.900444, -0.432175, -0.049247, -0.264560, -0.634016,  0.726625,  0.724027,  0.029221, 
				 2.650141,  8.725937,  14.084180,  0.198889,  0.654012,  0.729820,  0.938655, -0.341219,  0.049968, -0.281708, -0.675111,  0.681756,  0.660370,  0.191885, 
				 2.650141,  8.725935,  17.063377,  0.212012,  0.697165,  0.684835,  0.940812, -0.335222,  0.049998, -0.264428, -0.633701,  0.726972,  0.660370,  0.029221, 
				 4.327881,  8.025854,  14.084179,  0.324229,  0.602252,  0.729484,  0.903104, -0.426593, -0.049205, -0.281559, -0.674754,  0.682210,  0.724027,  0.191885, 
				 2.650141,  8.725935,  17.063377,  0.212012,  0.697165,  0.684835,  0.940812, -0.335221,  0.049998, -0.264428, -0.633701,  0.726972,  0.507494,  0.198337, 
				 0.045346,  0.104761,  17.063374,  0.000000,  0.000000,  0.999969,  0.878394,  0.477936, -0.000000,  0.477922, -0.878368, -0.000000,  0.593951,  0.112460, 
				 4.327881,  8.025854,  17.063377,  0.345256,  0.641255,  0.685232,  0.900485, -0.432076, -0.049361, -0.264420, -0.634083,  0.726617,  0.672620,  0.198337, 
				 0.043012,  0.103492,  17.063379,  0.000000,  0.000000,  0.999969,  0.961607,  0.274430, -0.000000,  0.274421, -0.961578, -0.000000,  0.586162,  0.112460, 
				 4.327881,  8.025854,  14.084179,  0.324229,  0.602252,  0.729484,  0.903104, -0.426593, -0.049205, -0.281559, -0.674754,  0.682210,  0.326542,  0.266812, 
				 5.424159,  10.061066,  14.081240,  0.345286,  0.641346,  0.685141,  0.900453, -0.432155, -0.049261, -0.264493, -0.633946,  0.726719,  0.326542,  0.310496, 
				 2.650141,  8.725937,  14.084180,  0.198889,  0.654012,  0.729820,  0.938668, -0.341186,  0.049935, -0.281663, -0.675127,  0.681758,  0.265181,  0.266812, 
				 3.323218,  10.937473,  14.081244,  0.212043,  0.697073,  0.684896,  0.940816, -0.335223,  0.049904, -0.264380, -0.633780,  0.726899,  0.265181,  0.310496, 
				 5.424159,  10.061066,  14.081240,  0.345286,  0.641346,  0.685141,  0.900464, -0.432129, -0.049291, -0.264456, -0.633964,  0.726718,  0.791113,  0.298959, 
				 3.323218,  10.937473,  8.882243,  0.198798,  0.653584,  0.730247,  0.938650, -0.341244,  0.049884, -0.281796, -0.675530,  0.681326,  0.634238,  0.784390, 
				 3.323218,  10.937473,  14.081244,  0.212043,  0.697073,  0.684896,  0.940816, -0.335223,  0.049904, -0.264380, -0.633780,  0.726899,  0.634238,  0.298959, 
				 5.424158,  10.061066,  8.882238,  0.323985,  0.601794,  0.729942,  0.903156, -0.426477, -0.049255, -0.281662, -0.675209,  0.681686,  0.791113,  0.784390, 
				 10.223921,  12.346961,  3.345012,  0.464217,  0.560778,  0.685537,  0.798198, -0.600367, -0.049391, -0.383877, -0.570123,  0.726312,  0.384429,  0.550855, 
				 10.223921,  12.346963, -0.999997,  0.637654,  0.770287,  0.000000,  0.770312, -0.637667,  0.000001, -0.000001,  0.000001,  0.999972,  0.384429,  0.653900, 
				 7.605233,  14.110179,  3.345008,  0.345073,  0.641011,  0.685568,  0.856472, -0.513831,  0.049337, -0.383891, -0.570144,  0.726317,  0.309565,  0.550855, 
				 7.605232,  14.110181, -1.000001,  0.473983,  0.880520,  0.000000,  0.880530, -0.473991,  0.000001, -0.000001,  0.000001,  0.999988,  0.309565,  0.653900, 
				 8.610587,  10.397698,  3.345013,  0.435804,  0.526414,  0.730003,  0.801913, -0.595396, -0.049382, -0.408646, -0.606920,  0.681614,  0.557887,  0.798448, 
				 7.605233,  14.110179,  3.345008,  0.345073,  0.641011,  0.685568,  0.856476, -0.513825,  0.049329, -0.383882, -0.570150,  0.726317,  0.425526,  0.971289, 
				 6.405280,  11.882496,  3.345008,  0.323954,  0.601794,  0.729972,  0.853274, -0.519128,  0.049296, -0.408615, -0.606897,  0.681669,  0.425526,  0.798448, 
				 10.223921,  12.346961,  3.345012,  0.464217,  0.560778,  0.685537,  0.798198, -0.600367, -0.049391, -0.383877, -0.570122,  0.726312,  0.557887,  0.971289, 
				 8.610589,  10.397698,  8.882243,  0.464248,  0.560778,  0.685507,  0.798192, -0.600372, -0.049419, -0.383846, -0.570109,  0.726330,  0.569449,  0.297312, 
				 8.610587,  10.397698,  3.345013,  0.435804,  0.526414,  0.730003,  0.801918, -0.595388, -0.049390, -0.408635, -0.606927,  0.681614,  0.569449,  0.403044, 
				 6.405281,  11.882498,  8.882240,  0.345073,  0.640980,  0.685568,  0.856472, -0.513833,  0.049313, -0.383876, -0.570153,  0.726291,  0.402798,  0.297312, 
				 6.405280,  11.882496,  3.345008,  0.323954,  0.601794,  0.729972,  0.853274, -0.519128,  0.049296, -0.408615, -0.606897,  0.681669,  0.402798,  0.403044, 
				 7.291473,  8.803914,  8.882244,  0.435804,  0.526353,  0.730033,  0.801908, -0.595399, -0.049422, -0.408648, -0.606958,  0.681564,  0.487955,  0.237993, 
				 6.405281,  11.882498,  8.882240,  0.345073,  0.640980,  0.685568,  0.856476, -0.513826,  0.049303, -0.383865, -0.570159,  0.726292,  0.462601,  0.315467, 
				 5.424158,  10.061066,  8.882238,  0.323985,  0.601794,  0.729942,  0.853275, -0.519129,  0.049260, -0.408579, -0.606881,  0.681686,  0.462601,  0.237993, 
				 8.610589,  10.397698,  8.882243,  0.464248,  0.560778,  0.685507,  0.798192, -0.600372, -0.049419, -0.383846, -0.570109,  0.726330,  0.487955,  0.315467, 
				 5.817533,  7.023067,  17.063379,  0.464522,  0.560900,  0.685232,  0.798128, -0.600447, -0.049550, -0.383653, -0.569920,  0.726591,  0.724027,  0.029221, 
				 5.817533,  7.023068,  14.084182,  0.436171,  0.526658,  0.729606,  0.801854, -0.595464, -0.049526, -0.408371, -0.606639,  0.682027,  0.724027,  0.191885, 
				 4.327881,  8.025854,  17.063377,  0.345256,  0.641255,  0.685232,  0.856506, -0.513781,  0.049250, -0.383641, -0.569902,  0.726625,  0.660370,  0.029221, 
				 4.327881,  8.025854,  14.084179,  0.324229,  0.602252,  0.729484,  0.853327, -0.519046,  0.049243, -0.408292, -0.606522,  0.682207,  0.660370,  0.191885, 
				 4.327881,  8.025854,  17.063377,  0.345256,  0.641255,  0.685232,  0.856506, -0.513781,  0.049250, -0.383641, -0.569902,  0.726625,  0.507494,  0.198337, 
				 0.075302,  0.103533,  17.063375,  0.000000,  0.000000,  0.999969,  0.662399, -0.749151,  0.000000, -0.749128, -0.662379,  0.000000,  0.586162,  0.112460, 
				 5.817533,  7.023067,  17.063379,  0.464522,  0.560900,  0.685232,  0.798104, -0.600483, -0.049504, -0.383704, -0.569882,  0.726594,  0.672620,  0.198337, 
				 0.075988,  0.102709,  17.063377,  0.000000,  0.000000,  1.000000,  0.640630, -0.767850,  0.000000, -0.767850, -0.640630,  0.000000,  0.593951,  0.112460, 
				 5.817533,  7.023068,  14.084182,  0.436171,  0.526658,  0.729606,  0.801845, -0.595478, -0.049511, -0.408389, -0.606626,  0.682028,  0.326542,  0.266812, 
				 5.424159,  10.061066,  14.081240,  0.345286,  0.641346,  0.685141,  0.856513, -0.513768,  0.049272, -0.383604, -0.569819,  0.726719,  0.265181,  0.310496, 
				 4.327881,  8.025854,  14.084179,  0.324229,  0.602252,  0.729484,  0.853327, -0.519046,  0.049243, -0.408292, -0.606522,  0.682207,  0.265181,  0.266812, 
				 7.291474,  8.803913,  14.081244,  0.464553,  0.561083,  0.685080,  0.798144, -0.600433, -0.049460, -0.383593, -0.569769,  0.726758,  0.326542,  0.310496, 
				 7.291474,  8.803913,  14.081244,  0.464553,  0.561083,  0.685080,  0.798144, -0.600433, -0.049460, -0.383593, -0.569769,  0.726758,  0.791113,  0.298959, 
				 7.291473,  8.803914,  8.882244,  0.435804,  0.526353,  0.730033,  0.801914, -0.595391, -0.049432, -0.408636, -0.606967,  0.681564,  0.791113,  0.784390, 
				 5.424159,  10.061066,  14.081240,  0.345286,  0.641346,  0.685141,  0.856506, -0.513779,  0.049286, -0.383620, -0.569809,  0.726718,  0.634238,  0.298959, 
				 5.424158,  10.061066,  8.882238,  0.323985,  0.601794,  0.729942,  0.853275, -0.519130,  0.049260, -0.408579, -0.606881,  0.681686,  0.634238,  0.784390, 
				 12.431435,  10.117546,  3.345009,  0.564531,  0.459243,  0.685812,  0.665269, -0.745011, -0.048731, -0.488559, -0.483760,  0.726102,  0.384429,  0.550855, 
				 10.223921,  12.346963, -0.999997,  0.637654,  0.770287,  0.000000,  0.770305, -0.637676, -0.000001,  0.000001, -0.000001,  0.999972,  0.309565,  0.653900, 
				 10.223921,  12.346961,  3.345012,  0.464217,  0.560778,  0.685537,  0.738875, -0.672031,  0.049387, -0.488397, -0.483600,  0.726312,  0.309565,  0.550855, 
				 12.431435,  10.117544, -1.000000,  0.775689,  0.631062,  0.000000,  0.631088, -0.775711, -0.000001,  0.000001, -0.000001,  0.999966,  0.384429,  0.653900, 
				 8.610587,  10.397698,  3.345013,  0.435804,  0.526414,  0.730003,  0.734649, -0.676649,  0.049356, -0.519938, -0.514786,  0.681616,  0.425526,  0.798448, 
				 10.468540,  8.520828,  3.345010,  0.530412,  0.431562,  0.729637,  0.669751, -0.740994, -0.048593, -0.519686, -0.514449,  0.682071,  0.557887,  0.798448, 
				 12.431435,  10.117546,  3.345009,  0.564531,  0.459243,  0.685812,  0.665242, -0.745038, -0.048690, -0.488595, -0.483718,  0.726105,  0.557887,  0.971289, 
				 10.223921,  12.346961,  3.345012,  0.464217,  0.560778,  0.685537,  0.738875, -0.672031,  0.049387, -0.488397, -0.483600,  0.726312,  0.425526,  0.971289, 
				 10.468540,  8.520828,  8.882241,  0.564470,  0.459273,  0.685842,  0.665264, -0.745023, -0.048624, -0.488637, -0.483713,  0.726081,  0.569449,  0.297312, 
				 8.610587,  10.397698,  3.345013,  0.435804,  0.526414,  0.730003,  0.734617, -0.676682,  0.049399, -0.519984, -0.514744,  0.681613,  0.402798,  0.403044, 
				 8.610589,  10.397698,  8.882243,  0.464248,  0.560778,  0.685507,  0.738822, -0.672085,  0.049435, -0.488441, -0.483518,  0.726329,  0.402798,  0.297312, 
				 10.468540,  8.520828,  3.345010,  0.530412,  0.431562,  0.729637,  0.669751, -0.740994, -0.048593, -0.519686, -0.514449,  0.682071,  0.569449,  0.403044, 
				 7.291473,  8.803914,  8.882244,  0.435804,  0.526353,  0.730033,  0.734577, -0.676725,  0.049394, -0.520030, -0.514739,  0.681566,  0.462601,  0.237993, 
				 8.863609,  7.215298,  8.882241,  0.530442,  0.431623,  0.729576,  0.669703, -0.741044, -0.048498, -0.519714, -0.514324,  0.682140,  0.487955,  0.237993, 
				 10.468540,  8.520828,  8.882241,  0.564470,  0.459273,  0.685842,  0.665232, -0.745055, -0.048576, -0.488680, -0.483664,  0.726085,  0.487955,  0.315467, 
				 8.610589,  10.397698,  8.882243,  0.464248,  0.560778,  0.685507,  0.738822, -0.672085,  0.049435, -0.488440, -0.483518,  0.726329,  0.462601,  0.315467, 
				 7.070308,  5.756535,  17.063379,  0.564501,  0.459426,  0.685720,  0.665173, -0.745121, -0.048357, -0.488729, -0.483420,  0.726219,  0.724027,  0.029221, 
				 5.817533,  7.023068,  14.084182,  0.436171,  0.526658,  0.729606,  0.734450, -0.676855,  0.049508, -0.519912, -0.514265,  0.682028,  0.660370,  0.191885, 
				 5.817533,  7.023067,  17.063379,  0.464522,  0.560900,  0.685232,  0.738653, -0.672263,  0.049540, -0.488443, -0.483137,  0.726591,  0.660370,  0.029221, 
				 7.070308,  5.756536,  14.084179,  0.530839,  0.432020,  0.729057,  0.669584, -0.741162, -0.048338, -0.519466, -0.513825,  0.682711,  0.724027,  0.191885, 
				 5.817533,  7.023067,  17.063379,  0.464522,  0.560900,  0.685232,  0.738653, -0.672263,  0.049540, -0.488443, -0.483137,  0.726591,  0.507494,  0.198337, 
				 0.081311,  0.080093,  17.063377,  0.000000,  0.000000,  1.000000,  0.838886,  0.544308,  0.000000,  0.544308, -0.838886, -0.000000,  0.593951,  0.112460, 
				 7.070308,  5.756535,  17.063379,  0.564501,  0.459426,  0.685720,  0.665173, -0.745122, -0.048356, -0.488729, -0.483420,  0.726219,  0.672620,  0.198337, 
				 0.077702,  0.077752,  17.063377,  0.000000,  0.000000,  1.000000,  0.940275, -0.340417,  0.000000, -0.340417, -0.940275,  0.000000,  0.586162,  0.112460, 
				 7.070308,  5.756536,  14.084179,  0.530839,  0.432020,  0.729057,  0.669584, -0.741162, -0.048338, -0.519466, -0.513824,  0.682711,  0.326542,  0.266812, 
				 8.863609,  7.215297,  14.081243,  0.564714,  0.459517,  0.685476,  0.665153, -0.745133, -0.048456, -0.488505, -0.483310,  0.726437,  0.326542,  0.310496, 
				 5.817533,  7.023068,  14.084182,  0.436171,  0.526658,  0.729606,  0.734505, -0.676800,  0.049436, -0.519833, -0.514337,  0.682033,  0.265181,  0.266812, 
				 7.291474,  8.803913,  14.081244,  0.464553,  0.561083,  0.685080,  0.738795, -0.672111,  0.049480, -0.488212, -0.483147,  0.726756,  0.265181,  0.310496, 
				 8.863609,  7.215297,  14.081243,  0.564714,  0.459517,  0.685476,  0.665197, -0.745089, -0.048522, -0.488444, -0.483378,  0.726432,  0.791113,  0.298959, 
				 7.291473,  8.803914,  8.882244,  0.435804,  0.526353,  0.730033,  0.734539, -0.676763,  0.049444, -0.520084, -0.514690,  0.681563,  0.634238,  0.784390, 
				 7.291474,  8.803913,  14.081244,  0.464553,  0.561083,  0.685080,  0.738795, -0.672111,  0.049480, -0.488212, -0.483147,  0.726756,  0.634238,  0.298959, 
				 8.863609,  7.215298,  8.882241,  0.530442,  0.431623,  0.729576,  0.669703, -0.741044, -0.048498, -0.519714, -0.514324,  0.682140,  0.791113,  0.784390, 
				 14.176860,  7.484727,  3.345006,  0.644215,  0.339671,  0.685263,  0.506967, -0.860511, -0.050058, -0.572673, -0.379654,  0.726556,  0.384429,  0.550855, 
				 12.431435,  10.117544, -1.000000,  0.775689,  0.631062,  0.000000,  0.631078, -0.775719, -0.000001,  0.000001, -0.000001,  0.999966,  0.309565,  0.653900, 
				 12.431435,  10.117546,  3.345009,  0.564531,  0.459243,  0.685812,  0.594034, -0.802964,  0.048701, -0.573048, -0.379902,  0.726104,  0.309565,  0.550855, 
				 14.176860,  7.484727, -1.000002,  0.884548,  0.466414,  0.000000,  0.466425, -0.884561, -0.000001,  0.000000, -0.000001,  0.999984,  0.384429,  0.653900, 
				 11.938973,  6.303915,  3.345008,  0.604175,  0.318583,  0.730369,  0.512515, -0.857218, -0.050045, -0.610142, -0.404561,  0.681188,  0.557887,  0.798448, 
				 12.431435,  10.117546,  3.345009,  0.564531,  0.459243,  0.685812,  0.594091, -0.802926,  0.048629, -0.572989, -0.379982,  0.726109,  0.425526,  0.971289, 
				 10.468540,  8.520828,  3.345010,  0.530412,  0.431562,  0.729637,  0.589299, -0.806452,  0.048599, -0.609390, -0.404197,  0.682071,  0.425526,  0.798448, 
				 14.176860,  7.484727,  3.345006,  0.644215,  0.339671,  0.685263,  0.506967, -0.860511, -0.050058, -0.572673, -0.379654,  0.726556,  0.557887,  0.971289, 
				 11.938973,  6.303914,  8.882237,  0.644246,  0.339702,  0.685202,  0.507060, -0.860450, -0.050163, -0.572541, -0.379756,  0.726590,  0.569449,  0.297312, 
				 10.468540,  8.520828,  3.345010,  0.530412,  0.431562,  0.729637,  0.589299, -0.806452,  0.048599, -0.609390, -0.404197,  0.682071,  0.402798,  0.403044, 
				 10.468540,  8.520828,  8.882241,  0.564470,  0.459273,  0.685842,  0.594157, -0.802878,  0.048629, -0.572982, -0.380048,  0.726081,  0.402798,  0.297312, 
				 11.938973,  6.303915,  3.345008,  0.604175,  0.318583,  0.730369,  0.512584, -0.857173, -0.050121, -0.610085, -0.404657,  0.681183,  0.569449,  0.403044, 
				 10.109199,  5.338440,  8.882237,  0.604114,  0.318552,  0.730430,  0.512631, -0.857142, -0.050162, -0.610103, -0.404745,  0.681111,  0.487955,  0.237993, 
				 10.468540,  8.520828,  8.882241,  0.564470,  0.459273,  0.685842,  0.594223, -0.802834,  0.048545, -0.572913, -0.380141,  0.726087,  0.462601,  0.315467, 
				 8.863609,  7.215298,  8.882241,  0.530442,  0.431623,  0.729576,  0.589438, -0.806357,  0.048489, -0.609227, -0.404319,  0.682141,  0.462601,  0.237993, 
				 11.938973,  6.303914,  8.882237,  0.644246,  0.339702,  0.685202,  0.507060, -0.860450, -0.050163, -0.572541, -0.379756,  0.726590,  0.487955,  0.315467, 
				 8.064665,  4.259648,  17.063372,  0.644642,  0.339946,  0.684683,  0.507297, -0.860291, -0.050486, -0.571864, -0.379883,  0.727034,  0.724027,  0.029221, 
				 7.070308,  5.756536,  14.084179,  0.530839,  0.432020,  0.729057,  0.589722, -0.806160,  0.048318, -0.608610, -0.404292,  0.682713,  0.660370,  0.191885, 
				 7.070308,  5.756535,  17.063379,  0.564501,  0.459426,  0.685720,  0.594502, -0.802639,  0.048346, -0.572598, -0.380371,  0.726220,  0.660370,  0.029221, 
				 8.064665,  4.259649,  14.084177,  0.604450,  0.318735,  0.730064,  0.512863, -0.856986, -0.050467, -0.609569, -0.404927,  0.681472,  0.724027,  0.191885, 
				 0.103775,  0.074326,  17.063375,  0.000000,  0.000000,  1.000000,  0.264881, -0.964281,  0.000000, -0.964281, -0.264881,  0.000000,  0.593951,  0.112460, 
				 8.064665,  4.259648,  17.063372,  0.644642,  0.339946,  0.684683,  0.507269, -0.860310, -0.050450, -0.571889, -0.379840,  0.727036,  0.672620,  0.198337, 
				 0.103489,  0.075370,  17.063374,  0.000000,  0.000000,  1.000000,  0.295289, -0.955408,  0.000000, -0.955408, -0.295289,  0.000000,  0.586162,  0.112460, 
				 7.070308,  5.756535,  17.063379,  0.564501,  0.459426,  0.685720,  0.594502, -0.802639,  0.048346, -0.572598, -0.380371,  0.726220,  0.507494,  0.198337, 
				 8.064665,  4.259649,  14.084177,  0.604450,  0.318735,  0.730064,  0.512748, -0.857062, -0.050339, -0.609665, -0.404766,  0.681482,  0.326542,  0.266812, 
				 8.863609,  7.215297,  14.081243,  0.564714,  0.459517,  0.685476,  0.594412, -0.802703,  0.048402, -0.572475, -0.380122,  0.726440,  0.265181,  0.310496, 
				 7.070308,  5.756536,  14.084179,  0.530839,  0.432020,  0.729057,  0.589722, -0.806160,  0.048319, -0.608611, -0.404291,  0.682713,  0.265181,  0.266812, 
				 10.109199,  5.338440,  14.081237,  0.644642,  0.339915,  0.684713,  0.507110, -0.860413, -0.050288, -0.572043, -0.379642,  0.727033,  0.326542,  0.310496, 
				 10.109199,  5.338440,  14.081237,  0.644642,  0.339915,  0.684713,  0.507110, -0.860413, -0.050287, -0.572043, -0.379642,  0.727033,  0.791113,  0.298959, 
				 8.863609,  7.215298,  8.882241,  0.530442,  0.431623,  0.729576,  0.589438, -0.806357,  0.048489, -0.609227, -0.404319,  0.682141,  0.634238,  0.784390, 
				 8.863609,  7.215297,  14.081243,  0.564714,  0.459517,  0.685476,  0.594320, -0.802764,  0.048519, -0.572571, -0.379993,  0.726433,  0.634238,  0.298959, 
				 10.109199,  5.338440,  8.882237,  0.604114,  0.318552,  0.730430,  0.512710, -0.857090, -0.050251, -0.610037, -0.404856,  0.681105,  0.791113,  0.784390, 
				 15.374755,  4.529040,  3.345007,  0.698141,  0.205908,  0.685659,  0.326597, -0.943888, -0.049079, -0.637080, -0.258199,  0.726217,  0.384429,  0.550855, 
				 15.374755,  4.529040, -1.000001,  0.959136,  0.282876,  0.000000,  0.282885, -0.959154,  0.000000, -0.000000,  0.000000,  0.999980,  0.384429,  0.653900, 
				 14.176860,  7.484727,  3.345006,  0.644215,  0.339671,  0.685263,  0.423650, -0.904443,  0.050038, -0.636777, -0.258076,  0.726557,  0.309565,  0.550855, 
				 14.176860,  7.484727, -1.000002,  0.884548,  0.466414,  0.000000,  0.466419, -0.884564,  0.000000, -0.000000,  0.000000,  0.999984,  0.309565,  0.653900, 
				 15.374755,  4.529040,  3.345007,  0.698141,  0.205908,  0.685659,  0.326539, -0.943912, -0.049012, -0.637110, -0.258112,  0.726221,  0.557887,  0.971289, 
				 11.938973,  6.303915,  3.345008,  0.604175,  0.318583,  0.730369,  0.417829, -0.907146,  0.050052, -0.678497, -0.274929,  0.681188,  0.425526,  0.798448, 
				 12.947828,  3.813157,  3.345008,  0.655690,  0.193335,  0.729820,  0.332253, -0.941918, -0.048980, -0.677960, -0.274601,  0.681842,  0.557887,  0.798448, 
				 14.176860,  7.484727,  3.345006,  0.644215,  0.339671,  0.685263,  0.423650, -0.904443,  0.050038, -0.636777, -0.258076,  0.726557,  0.425526,  0.971289, 
				 12.947828,  3.813155,  8.882238,  0.698141,  0.205847,  0.685690,  0.326466, -0.943937, -0.049015, -0.637158, -0.258074,  0.726204,  0.569449,  0.297312, 
				 12.947828,  3.813157,  3.345008,  0.655690,  0.193335,  0.729820,  0.332254, -0.941918, -0.048980, -0.677960, -0.274601,  0.681842,  0.569449,  0.403044, 
				 11.938973,  6.303914,  8.882237,  0.644246,  0.339702,  0.685202,  0.423571, -0.904474,  0.050151, -0.636783, -0.257922,  0.726591,  0.402798,  0.297312, 
				 11.938973,  6.303915,  3.345008,  0.604175,  0.318583,  0.730369,  0.417759, -0.907174,  0.050123, -0.678540, -0.274835,  0.681183,  0.402798,  0.403044, 
				 12.947828,  3.813155,  8.882238,  0.698141,  0.205847,  0.685690,  0.326399, -0.943965, -0.048937, -0.637193, -0.257973,  0.726209,  0.487955,  0.315467, 
				 10.109199,  5.338440,  8.882237,  0.604114,  0.318552,  0.730430,  0.417712, -0.907193,  0.050162, -0.678621, -0.274806,  0.681111,  0.462601,  0.237993, 
				 10.963490,  3.227825,  8.882239,  0.655751,  0.193304,  0.729759,  0.332097, -0.941977, -0.048892, -0.677965, -0.274412,  0.681898,  0.487955,  0.237993, 
				 11.938973,  6.303914,  8.882237,  0.644246,  0.339702,  0.685202,  0.423571, -0.904474,  0.050151, -0.636783, -0.257922,  0.726591,  0.462601,  0.315467, 
				 8.746250,  2.573794,  17.063375,  0.698477,  0.205847,  0.685354,  0.326076, -0.944085, -0.048758, -0.636996, -0.257534,  0.726544,  0.724027,  0.029221, 
				 8.746250,  2.573793,  14.084178,  0.656331,  0.193426,  0.729240,  0.331794, -0.942092, -0.048735, -0.677584, -0.273944,  0.682502,  0.724027,  0.191885, 
				 8.064665,  4.259648,  17.063372,  0.644642,  0.339946,  0.684683,  0.423372, -0.904548,  0.050486, -0.636491, -0.257330,  0.727034,  0.660370,  0.029221, 
				 8.064665,  4.259649,  14.084177,  0.604450,  0.318735,  0.730064,  0.417484, -0.907283,  0.050449, -0.678454, -0.274296,  0.681474,  0.660370,  0.191885, 
				 8.064665,  4.259648,  17.063372,  0.644642,  0.339946,  0.684683,  0.423372, -0.904548,  0.050487, -0.636491, -0.257330,  0.727034,  0.507494,  0.198337, 
				 0.107834,  0.042964,  17.063375,  0.000000,  0.000000,  1.000000,  0.999970, -0.007795,  0.000000, -0.007795, -0.999970,  0.000000,  0.593951,  0.112460, 
				 8.746250,  2.573794,  17.063375,  0.698477,  0.205847,  0.685354,  0.326076, -0.944085, -0.048758, -0.636996, -0.257534,  0.726544,  0.672620,  0.198337, 
				 0.103071,  0.043001,  17.063375,  0.000000,  0.000000,  1.000000,  0.889023, -0.457862,  0.000000, -0.457862, -0.889023,  0.000000,  0.586162,  0.112460, 
				 10.963490,  3.227823,  14.081238,  0.698508,  0.205908,  0.685293,  0.326185, -0.944045, -0.048814, -0.636896, -0.257629,  0.726587,  0.326542,  0.310496, 
				 8.064665,  4.259649,  14.084177,  0.604450,  0.318735,  0.730064,  0.417602, -0.907235,  0.050331, -0.678382, -0.274454,  0.681482,  0.265181,  0.266812, 
				 8.746250,  2.573793,  14.084178,  0.656331,  0.193426,  0.729240,  0.331794, -0.942092, -0.048736, -0.677584, -0.273944,  0.682502,  0.326542,  0.266812, 
				 10.109199,  5.338440,  14.081237,  0.644642,  0.339915,  0.684713,  0.423528, -0.904487,  0.050270, -0.636402, -0.257589,  0.727034,  0.265181,  0.310496, 
				 10.963490,  3.227823,  14.081238,  0.698508,  0.205908,  0.685293,  0.326280, -0.944006, -0.048922, -0.636848, -0.257769,  0.726579,  0.791113,  0.298959, 
				 10.963490,  3.227825,  8.882239,  0.655751,  0.193304,  0.729759,  0.332097, -0.941977, -0.048892, -0.677965, -0.274412,  0.681898,  0.791113,  0.784390, 
				 10.109199,  5.338440,  14.081237,  0.644642,  0.339915,  0.684713,  0.423528, -0.904487,  0.050270, -0.636402, -0.257589,  0.727034,  0.634238,  0.298959, 
				 10.109199,  5.338440,  8.882237,  0.604114,  0.318552,  0.730430,  0.417631, -0.907227,  0.050243, -0.678671, -0.274698,  0.681105,  0.634238,  0.784390, 
				 15.968471,  1.417587,  3.345008,  0.725150,  0.064974,  0.685476,  0.135507, -0.989537, -0.049549, -0.675085, -0.128817,  0.726367,  0.384429,  0.550855, 
				 15.968469,  1.417587, -1.000001,  0.996002,  0.089267,  0.000000,  0.089268, -0.996008,  0.000000, -0.000000,  0.000000,  0.999994,  0.384429,  0.653900, 
				 15.374755,  4.529040,  3.345007,  0.698141,  0.205908,  0.685659,  0.237891, -0.970051,  0.049084, -0.675231, -0.128845,  0.726216,  0.309565,  0.550855, 
				 15.374755,  4.529040, -1.000001,  0.959136,  0.282876,  0.000000,  0.282878, -0.959156,  0.000000, -0.000000, -0.000000,  0.999980,  0.309565,  0.653900, 
				 13.448200,  1.192437,  3.345008,  0.680563,  0.060945,  0.730094,  0.141707, -0.988667, -0.049556, -0.718800, -0.137186,  0.681487,  0.557887,  0.798448, 
				 15.374755,  4.529040,  3.345007,  0.698141,  0.205908,  0.685659,  0.237923, -0.970045,  0.049049, -0.675220, -0.128891,  0.726219,  0.425526,  0.971289, 
				 12.947828,  3.813157,  3.345008,  0.655690,  0.193335,  0.729820,  0.231950, -0.971495,  0.048961, -0.718482, -0.137179,  0.681844,  0.425526,  0.798448, 
				 15.968471,  1.417587,  3.345008,  0.725150,  0.064974,  0.685476,  0.135507, -0.989537, -0.049549, -0.675084, -0.128817,  0.726367,  0.557887,  0.971289, 
				 13.448200,  1.192436,  8.882238,  0.725211,  0.064943,  0.685446,  0.135523, -0.989530, -0.049630, -0.675046, -0.128886,  0.726420,  0.569449,  0.297312, 
				 13.448200,  1.192437,  3.345008,  0.680563,  0.060945,  0.730094,  0.141746, -0.988660, -0.049592, -0.718793, -0.137238,  0.681484,  0.569449,  0.403044, 
				 12.947828,  3.813155,  8.882238,  0.698141,  0.205847,  0.685690,  0.237899, -0.970054,  0.048990, -0.675240, -0.128923,  0.726205,  0.402798,  0.297312, 
				 12.947828,  3.813157,  3.345008,  0.655690,  0.193335,  0.729820,  0.231950, -0.971495,  0.048961, -0.718482, -0.137179,  0.681844,  0.402798,  0.403044, 
				 11.387540,  1.008346,  8.882239,  0.680532,  0.060884,  0.730155,  0.141733, -0.988659, -0.049657, -0.718851, -0.137280,  0.681443,  0.487955,  0.237993, 
				 12.947828,  3.813155,  8.882238,  0.698141,  0.205847,  0.685690,  0.237936, -0.970047,  0.048950, -0.675227, -0.128976,  0.726208,  0.462601,  0.315467, 
				 10.963490,  3.227825,  8.882239,  0.655751,  0.193304,  0.729759,  0.231992, -0.971490,  0.048864, -0.718398, -0.137256,  0.681901,  0.462601,  0.237993, 
				 13.448200,  1.192436,  8.882238,  0.725211,  0.064943,  0.685446,  0.135523, -0.989530, -0.049630, -0.675046, -0.128886,  0.726420,  0.487955,  0.315467, 
				 8.746250,  2.573794,  17.063375,  0.698477,  0.205847,  0.685354,  0.238031, -0.970033,  0.048758, -0.674853, -0.129079,  0.726544,  0.660370,  0.029221, 
				 9.085017,  0.802645,  17.063375,  0.725455,  0.064791,  0.685171,  0.135518, -0.989517, -0.049909, -0.674755, -0.129060,  0.726631,  0.724027,  0.029221, 
				 9.085019,  0.802647,  14.084179,  0.680929,  0.060823,  0.729789,  0.141767, -0.988643, -0.049875, -0.718467, -0.137421,  0.681818,  0.724027,  0.191885, 
				 8.746250,  2.573793,  14.084178,  0.656331,  0.193426,  0.729240,  0.232146, -0.971459,  0.048735, -0.717853, -0.137304,  0.682502,  0.660370,  0.191885, 
				 0.127584,  0.014311,  17.063375,  0.000000,  0.000000,  1.000000, -0.197581, -0.980287,  0.000000, -0.980287,  0.197581, -0.000000,  0.586162,  0.112460, 
				 9.085017,  0.802645,  17.063375,  0.725455,  0.064791,  0.685171,  0.135518, -0.989517, -0.049909, -0.674755, -0.129060,  0.726631,  0.672620,  0.198337, 
				 8.746250,  2.573794,  17.063375,  0.698477,  0.205847,  0.685354,  0.238031, -0.970033,  0.048758, -0.674853, -0.129079,  0.726544,  0.507494,  0.198337, 
